   0.100000E+00  -0.774878E+00  -0.977076E+00  -0.145024E+00  -0.196337E+00
   0.200000E+00   0.355227E+00   0.454582E+00   0.695752E-01   0.957473E-01
   0.300000E+00  -0.279215E-01  -0.380904E-01  -0.157587E-01  -0.155098E-01
   0.400000E+00   0.198516E-01   0.124595E-01   0.571713E-02   0.544664E-02
   0.500000E+00   0.733327E-02  -0.131588E-02  -0.120531E-03  -0.229923E-03
   0.600000E+00   0.784603E-02  -0.154867E-02  -0.516548E-03  -0.677090E-03
   0.700000E+00   0.986132E-02  -0.281296E-03   0.159127E-03  -0.453962E-04
   0.800000E+00   0.106068E-01  -0.408898E-03   0.134152E-03  -0.992411E-04
   0.900000E+00   0.113441E-01  -0.625337E-03   0.908121E-04  -0.168652E-03
   0.100000E+01   0.122740E-01  -0.750751E-03   0.115201E-03  -0.167324E-03
   0.110000E+01   0.133619E-01  -0.816321E-03   0.185979E-03  -0.113765E-03
   0.120000E+01   0.144132E-01  -0.105364E-02   0.219436E-03  -0.102115E-03
   0.130000E+01   0.155644E-01  -0.130973E-02   0.279537E-03  -0.620150E-04
   0.140000E+01   0.167675E-01  -0.166463E-02   0.355384E-03  -0.156546E-04
   0.150000E+01   0.185652E-01  -0.143870E-02   0.699371E-03   0.326418E-03
   0.160000E+01   0.197719E-01  -0.202555E-02   0.820758E-03   0.415585E-03
   0.170000E+01   0.210065E-01  -0.264255E-02   0.995838E-03   0.560766E-03
   0.180000E+01   0.223228E-01  -0.326046E-02   0.127096E-02   0.806768E-03
   0.190000E+01   0.233761E-01  -0.416951E-02   0.153128E-02   0.103675E-02
   0.200000E+01   0.240950E-01  -0.545909E-02   0.175392E-02   0.122322E-02
   0.210000E+01   0.245898E-01  -0.692617E-02   0.201728E-02   0.145509E-02
   0.220000E+01   0.247932E-01  -0.864059E-02   0.230213E-02   0.170670E-02
   0.230000E+01   0.245718E-01  -0.107234E-01   0.257658E-02   0.194495E-02
   0.240000E+01   0.239457E-01  -0.131196E-01   0.285357E-02   0.218433E-02
   0.250000E+01   0.228407E-01  -0.158134E-01   0.313089E-02   0.242220E-02
   0.260000E+01   0.212831E-01  -0.188190E-01   0.341792E-02   0.266959E-02
   0.270000E+01   0.192557E-01  -0.221363E-01   0.370764E-02   0.291868E-02
   0.280000E+01   0.167419E-01  -0.257715E-01   0.399937E-02   0.317018E-02
   0.290000E+01   0.137563E-01  -0.297181E-01   0.429309E-02   0.342345E-02
   0.300000E+01   0.103473E-01  -0.339522E-01   0.459125E-02   0.367892E-02
   0.310000E+01   0.651243E-02  -0.384704E-01   0.489239E-02   0.393705E-02
   0.320000E+01   0.225749E-02  -0.431807E-01   0.519997E-02   0.420044E-02
   0.330000E+01  -0.236154E-02  -0.480668E-01   0.551417E-02   0.447112E-02
   0.340000E+01  -0.743348E-02  -0.531889E-01   0.581358E-02   0.472462E-02
   0.350000E+01  -0.127997E-01  -0.584709E-01   0.612441E-02   0.498455E-02
   0.360000E+01  -0.184976E-01  -0.639331E-01   0.643551E-02   0.524310E-02
   0.370000E+01  -0.244568E-01  -0.695447E-01   0.675248E-02   0.550458E-02
   0.380000E+01  -0.306586E-01  -0.753085E-01   0.707144E-02   0.576823E-02
   0.390000E+01  -0.371176E-01  -0.811716E-01   0.738714E-02   0.602928E-02
   0.400000E+01  -0.437598E-01  -0.871229E-01   0.771377E-02   0.629833E-02
   0.410000E+01  -0.505306E-01  -0.931386E-01   0.805396E-02   0.657805E-02
   0.420000E+01  -0.574217E-01  -0.992305E-01   0.839243E-02   0.685017E-02
   0.430000E+01  -0.644323E-01  -0.105446E+00   0.871759E-02   0.710590E-02
   0.440000E+01  -0.715052E-01  -0.111681E+00   0.906290E-02   0.738234E-02
   0.450000E+01  -0.785907E-01  -0.117895E+00   0.942685E-02   0.767735E-02
   0.460000E+01  -0.858013E-01  -0.124193E+00   0.977838E-02   0.795758E-02
   0.470000E+01  -0.928378E-01  -0.130451E+00   0.101433E-01   0.824812E-02
   0.480000E+01  -0.999490E-01  -0.136637E+00   0.105055E-01   0.853450E-02
   0.490000E+01  -0.106865E+00  -0.142646E+00   0.108825E-01   0.883042E-02
   0.500000E+01  -0.113823E+00  -0.148620E+00   0.112503E-01   0.911320E-02
   0.510000E+01  -0.120722E+00  -0.154693E+00   0.116458E-01   0.941650E-02
   0.520000E+01  -0.127702E+00  -0.160898E+00   0.120208E-01   0.969675E-02
   0.530000E+01  -0.134545E+00  -0.166988E+00   0.124204E-01   0.100012E-01
   0.540000E+01  -0.141210E+00  -0.172981E+00   0.128172E-01   0.102970E-01
   0.550000E+01  -0.147808E+00  -0.178856E+00   0.132140E-01   0.105873E-01
   0.560000E+01  -0.154162E+00  -0.184669E+00   0.136264E-01   0.108841E-01
   0.570000E+01  -0.160477E+00  -0.190377E+00   0.140426E-01   0.111760E-01
   0.580000E+01  -0.166794E+00  -0.195636E+00   0.144581E-01   0.114636E-01
   0.590000E+01  -0.172847E+00  -0.200675E+00   0.148863E-01   0.117581E-01
   0.600000E+01  -0.178724E+00  -0.205564E+00   0.153160E-01   0.120506E-01
   0.610000E+01  -0.184397E+00  -0.210314E+00   0.157510E-01   0.123394E-01
   0.620000E+01  -0.189897E+00  -0.214945E+00   0.161933E-01   0.126322E-01
   0.630000E+01  -0.195318E+00  -0.219261E+00   0.166276E-01   0.129138E-01
   0.640000E+01  -0.200554E+00  -0.223356E+00   0.170704E-01   0.131958E-01
   0.650000E+01  -0.205728E+00  -0.227103E+00   0.175149E-01   0.134762E-01
   0.660000E+01  -0.210751E+00  -0.230663E+00   0.179664E-01   0.137571E-01
   0.670000E+01  -0.215663E+00  -0.233911E+00   0.184142E-01   0.140323E-01
   0.680000E+01  -0.220378E+00  -0.236976E+00   0.188606E-01   0.143022E-01
   0.690000E+01  -0.224882E+00  -0.239810E+00   0.193094E-01   0.145715E-01
   0.700000E+01  -0.229235E+00  -0.242349E+00   0.197365E-01   0.148180E-01
   0.710000E+01  -0.233513E+00  -0.244707E+00   0.201810E-01   0.150814E-01
   0.720000E+01  -0.237581E+00  -0.246869E+00   0.206172E-01   0.153337E-01
   0.730000E+01  -0.241689E+00  -0.248560E+00   0.210315E-01   0.155716E-01
   0.740000E+01  -0.245413E+00  -0.250212E+00   0.214436E-01   0.158022E-01
   0.750000E+01  -0.249205E+00  -0.251553E+00   0.218581E-01   0.160404E-01
   0.760000E+01  -0.252802E+00  -0.252593E+00   0.222505E-01   0.162615E-01
   0.770000E+01  -0.256243E+00  -0.253406E+00   0.226359E-01   0.164781E-01
   0.779999E+01  -0.259453E+00  -0.254011E+00   0.229987E-01   0.166771E-01
   0.789999E+01  -0.262677E+00  -0.254460E+00   0.233693E-01   0.168869E-01
   0.799999E+01  -0.265727E+00  -0.254628E+00   0.237156E-01   0.170784E-01
   0.809999E+01  -0.268571E+00  -0.254763E+00   0.240617E-01   0.172697E-01
   0.820000E+01  -0.271207E+00  -0.254617E+00   0.243791E-01   0.174349E-01
   0.830000E+01  -0.273780E+00  -0.254422E+00   0.247046E-01   0.176164E-01
   0.840000E+01  -0.276256E+00  -0.253990E+00   0.250106E-01   0.177822E-01
   0.850000E+01  -0.278382E+00  -0.253596E+00   0.253042E-01   0.179295E-01
   0.860000E+01  -0.280427E+00  -0.253114E+00   0.255999E-01   0.180846E-01
   0.870000E+01  -0.282322E+00  -0.252485E+00   0.258777E-01   0.182273E-01
   0.880000E+01  -0.284065E+00  -0.251848E+00   0.261576E-01   0.183701E-01
   0.890000E+01  -0.285365E+00  -0.251158E+00   0.264008E-01   0.184728E-01
   0.900000E+01  -0.286829E+00  -0.250517E+00   0.266891E-01   0.186313E-01
   0.910000E+01  -0.287712E+00  -0.249616E+00   0.268928E-01   0.186991E-01
   0.920000E+01  -0.288620E+00  -0.248996E+00   0.271566E-01   0.188273E-01
   0.930000E+01  -0.289255E+00  -0.248335E+00   0.273968E-01   0.189284E-01
   0.940000E+01  -0.289674E+00  -0.247689E+00   0.276253E-01   0.190201E-01
   0.950000E+01  -0.289817E+00  -0.247132E+00   0.278514E-01   0.191028E-01
   0.960000E+01  -0.289852E+00  -0.246542E+00   0.280712E-01   0.191764E-01
   0.970000E+01  -0.289607E+00  -0.246149E+00   0.282965E-01   0.192469E-01
   0.980000E+01  -0.289147E+00  -0.245807E+00   0.285112E-01   0.193102E-01
   0.990000E+01  -0.288478E+00  -0.245547E+00   0.287243E-01   0.193598E-01
   0.100000E+02  -0.287510E+00  -0.245425E+00   0.289317E-01   0.194007E-01
   0.101000E+02  -0.286337E+00  -0.245451E+00   0.291444E-01   0.194372E-01
   0.102000E+02  -0.284937E+00  -0.245410E+00   0.293251E-01   0.194616E-01
   0.103000E+02  -0.283354E+00  -0.245657E+00   0.295437E-01   0.194874E-01
   0.104000E+02  -0.281505E+00  -0.245970E+00   0.297350E-01   0.194989E-01
   0.105000E+02  -0.279448E+00  -0.246431E+00   0.299306E-01   0.195115E-01
   0.106000E+02  -0.277270E+00  -0.246992E+00   0.301291E-01   0.195192E-01
   0.107000E+02  -0.274836E+00  -0.247551E+00   0.302890E-01   0.194821E-01
   0.108000E+02  -0.272315E+00  -0.248399E+00   0.304926E-01   0.194813E-01
   0.109000E+02  -0.269553E+00  -0.249250E+00   0.306603E-01   0.194451E-01
   0.110000E+02  -0.266852E+00  -0.250154E+00   0.308434E-01   0.194239E-01
   0.111000E+02  -0.263782E+00  -0.251286E+00   0.310020E-01   0.194053E-01
   0.112000E+02  -0.260847E+00  -0.252333E+00   0.311753E-01   0.193579E-01
   0.113000E+02  -0.257743E+00  -0.253589E+00   0.313474E-01   0.193210E-01
   0.114000E+02  -0.254484E+00  -0.254753E+00   0.314842E-01   0.192452E-01
   0.115000E+02  -0.251307E+00  -0.256151E+00   0.316580E-01   0.192114E-01
   0.116000E+02  -0.248174E+00  -0.257408E+00   0.318021E-01   0.191590E-01
   0.117000E+02  -0.244666E+00  -0.258730E+00   0.319117E-01   0.190620E-01
   0.118000E+02  -0.241506E+00  -0.260116E+00   0.320702E-01   0.190104E-01
   0.119000E+02  -0.238379E+00  -0.261424E+00   0.322009E-01   0.189504E-01
   0.120000E+02  -0.235186E+00  -0.262699E+00   0.323135E-01   0.188884E-01
   0.121000E+02  -0.232177E+00  -0.263952E+00   0.324258E-01   0.188337E-01
   0.122000E+02  -0.229287E+00  -0.265055E+00   0.325205E-01   0.187729E-01
   0.123000E+02  -0.226200E+00  -0.266298E+00   0.326073E-01   0.186764E-01
   0.124000E+02  -0.223628E+00  -0.267141E+00   0.326815E-01   0.186065E-01
   0.125000E+02  -0.221094E+00  -0.268061E+00   0.329034E-01   0.184640E-01
   0.126000E+02  -0.218667E+00  -0.268694E+00   0.326705E-01   0.185303E-01
   0.127000E+02  -0.216378E+00  -0.269283E+00   0.327761E-01   0.183518E-01
   0.128000E+02  -0.214474E+00  -0.269703E+00   0.328277E-01   0.183280E-01
   0.129000E+02  -0.212710E+00  -0.269859E+00   0.328148E-01   0.182759E-01
   0.130000E+02  -0.211034E+00  -0.269977E+00   0.328891E-01   0.181366E-01
   0.131000E+02  -0.209871E+00  -0.269625E+00   0.326366E-01   0.183173E-01
   0.132000E+02  -0.208736E+00  -0.269284E+00   0.326507E-01   0.181684E-01
   0.133000E+02  -0.207958E+00  -0.268584E+00   0.325540E-01   0.181761E-01
   0.134000E+02  -0.207495E+00  -0.267660E+00   0.324358E-01   0.182127E-01
   0.135000E+02  -0.207205E+00  -0.266377E+00   0.322473E-01   0.182178E-01
   0.136000E+02  -0.207256E+00  -0.264877E+00   0.321065E-01   0.182416E-01
   0.137000E+02  -0.207411E+00  -0.263183E+00   0.318290E-01   0.183641E-01
   0.138000E+02  -0.208059E+00  -0.261051E+00   0.316375E-01   0.183579E-01
   0.139000E+02  -0.208891E+00  -0.258824E+00   0.313882E-01   0.184480E-01
   0.140000E+02  -0.209984E+00  -0.256237E+00   0.310834E-01   0.185234E-01
   0.141000E+02  -0.211418E+00  -0.253387E+00   0.307525E-01   0.186229E-01
   0.142000E+02  -0.213032E+00  -0.250389E+00   0.304190E-01   0.186458E-01
   0.143000E+02  -0.214940E+00  -0.247112E+00   0.299927E-01   0.188113E-01
   0.144000E+02  -0.217038E+00  -0.243677E+00   0.295940E-01   0.188711E-01
   0.145000E+02  -0.219328E+00  -0.239902E+00   0.290959E-01   0.189826E-01
   0.146000E+02  -0.221728E+00  -0.236199E+00   0.286180E-01   0.191061E-01
   0.147000E+02  -0.224488E+00  -0.232108E+00   0.280588E-01   0.192270E-01
   0.148000E+02  -0.227240E+00  -0.228089E+00   0.275099E-01   0.192511E-01
   0.149000E+02  -0.230275E+00  -0.223874E+00   0.269186E-01   0.193587E-01
   0.150000E+02  -0.233380E+00  -0.219614E+00   0.262587E-01   0.195013E-01
   0.151000E+02  -0.236498E+00  -0.215448E+00   0.256172E-01   0.195536E-01
   0.152000E+02  -0.239898E+00  -0.211046E+00   0.248959E-01   0.197063E-01
   0.153000E+02  -0.243191E+00  -0.206861E+00   0.242112E-01   0.197577E-01
   0.154000E+02  -0.246474E+00  -0.202743E+00   0.234616E-01   0.199087E-01
   0.155000E+02  -0.249835E+00  -0.198538E+00   0.226488E-01   0.200575E-01
   0.156000E+02  -0.252953E+00  -0.194691E+00   0.218635E-01   0.201568E-01
   0.157000E+02  -0.256240E+00  -0.190689E+00   0.209819E-01   0.202825E-01
   0.158000E+02  -0.259065E+00  -0.187007E+00   0.200610E-01   0.203939E-01
   0.159000E+02  -0.262066E+00  -0.183935E+00   0.193449E-01   0.203021E-01
   0.160000E+02  -0.264625E+00  -0.180652E+00   0.184345E-01   0.203740E-01
   0.161000E+02  -0.267019E+00  -0.177781E+00   0.176605E-01   0.203070E-01
   0.162000E+02  -0.269360E+00  -0.175067E+00   0.168124E-01   0.203578E-01
   0.163000E+02  -0.270972E+00  -0.172717E+00   0.159940E-01   0.201598E-01
   0.164000E+02  -0.272578E+00  -0.170687E+00   0.151771E-01   0.201750E-01
   0.165000E+02  -0.273716E+00  -0.168980E+00   0.147067E-01   0.195792E-01
   0.166000E+02  -0.274690E+00  -0.167456E+00   0.138153E-01   0.196620E-01
   0.167000E+02  -0.275124E+00  -0.166387E+00   0.131363E-01   0.194071E-01
   0.168000E+02  -0.275065E+00  -0.165794E+00   0.126146E-01   0.189959E-01
   0.169000E+02  -0.274780E+00  -0.165660E+00   0.122115E-01   0.185739E-01
   0.170000E+02  -0.273835E+00  -0.165679E+00   0.114575E-01   0.183187E-01
   0.171000E+02  -0.272536E+00  -0.166335E+00   0.115937E-01   0.173924E-01
   0.172000E+02  -0.270800E+00  -0.167184E+00   0.109815E-01   0.170455E-01
   0.173000E+02  -0.268613E+00  -0.168611E+00   0.107721E-01   0.163711E-01
   0.174000E+02  -0.265848E+00  -0.170448E+00   0.105483E-01   0.155491E-01
   0.175000E+02  -0.262892E+00  -0.172527E+00   0.103103E-01   0.148522E-01
   0.176000E+02  -0.259285E+00  -0.175046E+00   0.100423E-01   0.140572E-01
   0.177000E+02  -0.255586E+00  -0.177794E+00   0.983291E-02   0.131552E-01
   0.178000E+02  -0.251321E+00  -0.181086E+00   0.105045E-01   0.118780E-01
   0.179000E+02  -0.246734E+00  -0.184486E+00   0.103955E-01   0.108780E-01
   0.180000E+02  -0.242072E+00  -0.188410E+00   0.105038E-01   0.981693E-02
   0.181000E+02  -0.236834E+00  -0.192426E+00   0.105659E-01   0.859655E-02
   0.182000E+02  -0.231530E+00  -0.196803E+00   0.108317E-01   0.718566E-02
   0.183000E+02  -0.226079E+00  -0.201413E+00   0.108758E-01   0.601372E-02
   0.184000E+02  -0.220406E+00  -0.206282E+00   0.119201E-01   0.398835E-02
   0.185000E+02  -0.214628E+00  -0.211276E+00   0.126609E-01   0.229359E-02
   0.186000E+02  -0.208786E+00  -0.216399E+00   0.123389E-01   0.141990E-02
   0.187000E+02  -0.202947E+00  -0.221620E+00   0.138550E-01  -0.116406E-02
   0.188000E+02  -0.197131E+00  -0.226645E+00   0.134117E-01  -0.209444E-02
   0.189000E+02  -0.191148E+00  -0.232074E+00   0.149092E-01  -0.464552E-02
   0.190000E+02  -0.185610E+00  -0.237543E+00   0.157613E-01  -0.660502E-02
   0.191000E+02  -0.180035E+00  -0.242826E+00   0.167618E-01  -0.902617E-02
   0.192000E+02  -0.174761E+00  -0.248098E+00   0.164650E-01  -0.105691E-01
   0.193000E+02  -0.169605E+00  -0.253380E+00   0.186443E-01  -0.140139E-01
   0.194000E+02  -0.164770E+00  -0.258417E+00   0.171127E-01  -0.140900E-01
   0.195000E+02  -0.160109E+00  -0.263318E+00   0.190543E-01  -0.174026E-01
   0.196000E+02  -0.156032E+00  -0.267769E+00   0.198349E-01  -0.194462E-01
   0.197000E+02  -0.151792E+00  -0.272067E+00   0.204853E-01  -0.213702E-01
   0.198000E+02  -0.148331E+00  -0.275810E+00   0.205335E-01  -0.226739E-01
   0.199000E+02  -0.144946E+00  -0.279257E+00   0.228522E-01  -0.263952E-01
   0.200000E+02  -0.141964E+00  -0.282132E+00   0.203452E-01  -0.250346E-01
   0.201000E+02  -0.140069E+00  -0.284640E+00   0.217619E-01  -0.280215E-01
   0.202000E+02  -0.137839E+00  -0.286493E+00   0.222494E-01  -0.297952E-01
   0.203000E+02  -0.136611E+00  -0.287823E+00   0.222034E-01  -0.314385E-01
   0.204000E+02  -0.135755E+00  -0.288644E+00   0.216901E-01  -0.323078E-01
   0.205000E+02  -0.135382E+00  -0.288969E+00   0.221336E-01  -0.346049E-01
   0.206000E+02  -0.135770E+00  -0.288321E+00   0.204182E-01  -0.346543E-01
   0.207000E+02  -0.136313E+00  -0.287347E+00   0.198917E-01  -0.357339E-01
   0.208000E+02  -0.137843E+00  -0.285564E+00   0.190005E-01  -0.367602E-01
   0.209000E+02  -0.139488E+00  -0.283345E+00   0.179812E-01  -0.372513E-01
   0.210000E+02  -0.141958E+00  -0.280280E+00   0.163693E-01  -0.373787E-01
   0.211000E+02  -0.144870E+00  -0.276645E+00   0.146011E-01  -0.373575E-01
   0.212000E+02  -0.148157E+00  -0.272497E+00   0.137922E-01  -0.385691E-01
   0.213000E+02  -0.151919E+00  -0.267598E+00   0.972603E-02  -0.350514E-01
   0.214000E+02  -0.156074E+00  -0.262469E+00   0.856311E-02  -0.360691E-01
   0.215000E+02  -0.161056E+00  -0.256611E+00   0.579046E-02  -0.344918E-01
   0.216000E+02  -0.165956E+00  -0.250473E+00   0.337833E-02  -0.332520E-01
   0.217000E+02  -0.171583E+00  -0.243948E+00  -0.237107E-03  -0.308322E-01
   0.218000E+02  -0.177346E+00  -0.236941E+00  -0.222949E-02  -0.287903E-01
   0.219000E+02  -0.183664E+00  -0.229838E+00  -0.596344E-02  -0.265093E-01
   0.220000E+02  -0.189961E+00  -0.222407E+00  -0.983870E-02  -0.223264E-01
   0.221000E+02  -0.196988E+00  -0.214814E+00  -0.138761E-01  -0.202973E-01
   0.222000E+02  -0.204102E+00  -0.207109E+00  -0.170811E-01  -0.174296E-01
   0.223000E+02  -0.211249E+00  -0.199351E+00  -0.220787E-01  -0.133031E-01
   0.224000E+02  -0.218244E+00  -0.191627E+00  -0.242432E-01  -0.100919E-01
   0.225000E+02  -0.225661E+00  -0.183862E+00  -0.296144E-01  -0.603521E-02
   0.226000E+02  -0.232825E+00  -0.176193E+00  -0.330178E-01  -0.298472E-02
   0.227001E+02  -0.240386E+00  -0.168809E+00  -0.392551E-01   0.238603E-02
   0.228001E+02  -0.247611E+00  -0.161637E+00  -0.431045E-01   0.520142E-02
   0.229001E+02  -0.254852E+00  -0.154883E+00  -0.495259E-01   0.100767E-01
   0.230001E+02  -0.261666E+00  -0.148394E+00  -0.516665E-01   0.118614E-01
   0.231001E+02  -0.268719E+00  -0.142087E+00  -0.580434E-01   0.158449E-01
   0.232001E+02  -0.275129E+00  -0.136355E+00  -0.609494E-01   0.170066E-01
   0.233001E+02  -0.281482E+00  -0.130908E+00  -0.671358E-01   0.213169E-01
   0.234001E+02  -0.287183E+00  -0.126049E+00  -0.700537E-01   0.224021E-01
   0.235001E+02  -0.292440E+00  -0.121376E+00  -0.759216E-01   0.279290E-01
   0.236001E+02  -0.296875E+00  -0.117630E+00  -0.781567E-01   0.279397E-01
   0.237001E+02  -0.300849E+00  -0.114378E+00  -0.843686E-01   0.326895E-01
   0.238001E+02  -0.303812E+00  -0.111996E+00  -0.837086E-01   0.282278E-01
   0.239001E+02  -0.306487E+00  -0.109805E+00  -0.913236E-01   0.337548E-01
   0.240001E+02  -0.308086E+00  -0.108568E+00  -0.908946E-01   0.315719E-01
   0.241001E+02  -0.308986E+00  -0.108162E+00  -0.951668E-01   0.339505E-01
   0.242001E+02  -0.309068E+00  -0.108318E+00  -0.986478E-01   0.355247E-01
   0.243001E+02  -0.308169E+00  -0.109273E+00  -0.980381E-01   0.345751E-01
   0.244001E+02  -0.306531E+00  -0.110739E+00  -0.996743E-01   0.345769E-01
   0.245001E+02  -0.303950E+00  -0.112873E+00  -0.981852E-01   0.327897E-01
   0.246001E+02  -0.300593E+00  -0.115941E+00  -0.100191E+00   0.326692E-01
   0.247001E+02  -0.296147E+00  -0.119392E+00  -0.973208E-01   0.303562E-01
   0.248001E+02  -0.291081E+00  -0.123796E+00  -0.961949E-01   0.288903E-01
   0.249001E+02  -0.285020E+00  -0.128280E+00  -0.945197E-01   0.263254E-01
   0.250001E+02  -0.278461E+00  -0.133769E+00  -0.895715E-01   0.233367E-01
   0.251001E+02  -0.270979E+00  -0.139831E+00  -0.863545E-01   0.192580E-01
   0.252001E+02  -0.263170E+00  -0.146139E+00  -0.808385E-01   0.150111E-01
   0.253001E+02  -0.254652E+00  -0.153200E+00  -0.759196E-01   0.109938E-01
   0.254001E+02  -0.245587E+00  -0.160615E+00  -0.696823E-01   0.566125E-02
   0.255001E+02  -0.236322E+00  -0.168377E+00  -0.640169E-01   0.896123E-03
   0.256001E+02  -0.226831E+00  -0.176346E+00  -0.586128E-01  -0.412390E-02
   0.257001E+02  -0.216973E+00  -0.184969E+00  -0.513616E-01  -0.106322E-01
   0.258001E+02  -0.206825E+00  -0.193924E+00  -0.452877E-01  -0.166626E-01
   0.259001E+02  -0.196983E+00  -0.202977E+00  -0.374624E-01  -0.222875E-01
   0.260001E+02  -0.186920E+00  -0.212227E+00  -0.319134E-01  -0.282583E-01
   0.261001E+02  -0.176879E+00  -0.221342E+00  -0.243405E-01  -0.343413E-01
   0.262001E+02  -0.166907E+00  -0.230531E+00  -0.194312E-01  -0.390925E-01
   0.263001E+02  -0.157501E+00  -0.239769E+00  -0.130659E-01  -0.463402E-01
   0.264001E+02  -0.148370E+00  -0.248907E+00  -0.999071E-02  -0.539242E-01
   0.265001E+02  -0.139827E+00  -0.257727E+00  -0.635059E-02  -0.594413E-01
   0.266001E+02  -0.131399E+00  -0.266588E+00  -0.137141E-02  -0.665545E-01
   0.267001E+02  -0.123804E+00  -0.275157E+00   0.109017E-02  -0.731337E-01
   0.268001E+02  -0.116492E+00  -0.283161E+00   0.402960E-02  -0.784790E-01
   0.269001E+02  -0.109834E+00  -0.290900E+00   0.809448E-02  -0.844468E-01
   0.270001E+02  -0.103923E+00  -0.298334E+00   0.868158E-02  -0.907171E-01
   0.271001E+02  -0.984083E-01  -0.304919E+00   0.120667E-01  -0.955279E-01
   0.272001E+02  -0.938996E-01  -0.310779E+00   0.145134E-01  -0.100953E+00
   0.273001E+02  -0.900896E-01  -0.315935E+00   0.139210E-01  -0.106854E+00
   0.274001E+02  -0.873276E-01  -0.319906E+00   0.212451E-01  -0.109843E+00
   0.275001E+02  -0.852658E-01  -0.323038E+00   0.215077E-01  -0.114235E+00
   0.276001E+02  -0.839979E-01  -0.325048E+00   0.207390E-01  -0.118109E+00
   0.277001E+02  -0.838207E-01  -0.326114E+00   0.227368E-01  -0.121294E+00
   0.278001E+02  -0.843567E-01  -0.326195E+00   0.243875E-01  -0.123054E+00
   0.279001E+02  -0.858888E-01  -0.324907E+00   0.256186E-01  -0.123814E+00
   0.280001E+02  -0.883139E-01  -0.322893E+00   0.249548E-01  -0.124938E+00
   0.281001E+02  -0.914816E-01  -0.319487E+00   0.271077E-01  -0.123417E+00
   0.282001E+02  -0.952961E-01  -0.314950E+00   0.244838E-01  -0.120792E+00
   0.283001E+02  -0.999787E-01  -0.309428E+00   0.244891E-01  -0.118454E+00
   0.284001E+02  -0.105492E+00  -0.302579E+00   0.238966E-01  -0.114552E+00
   0.285001E+02  -0.111529E+00  -0.294904E+00   0.218791E-01  -0.109789E+00
   0.286001E+02  -0.118246E+00  -0.286339E+00   0.192223E-01  -0.104655E+00
   0.287001E+02  -0.125911E+00  -0.276663E+00   0.166650E-01  -0.982174E-01
   0.288001E+02  -0.133694E+00  -0.266593E+00   0.133800E-01  -0.914566E-01
   0.289001E+02  -0.142390E+00  -0.255637E+00   0.953672E-02  -0.829315E-01
   0.290001E+02  -0.151447E+00  -0.244191E+00   0.587020E-02  -0.769349E-01
   0.291001E+02  -0.160559E+00  -0.232457E+00   0.250982E-02  -0.695867E-01
   0.292001E+02  -0.170470E+00  -0.220354E+00  -0.337566E-02  -0.631145E-01
   0.293001E+02  -0.180428E+00  -0.207983E+00  -0.840362E-02  -0.549494E-01
   0.294001E+02  -0.190941E+00  -0.195965E+00  -0.140663E-01  -0.480128E-01
   0.295001E+02  -0.201511E+00  -0.183555E+00  -0.201780E-01  -0.424191E-01
   0.296001E+02  -0.212232E+00  -0.171258E+00  -0.261429E-01  -0.347185E-01
   0.297001E+02  -0.223026E+00  -0.159308E+00  -0.322787E-01  -0.297299E-01
   0.298001E+02  -0.233924E+00  -0.147668E+00  -0.393763E-01  -0.258961E-01
   0.299001E+02  -0.244480E+00  -0.136737E+00  -0.463891E-01  -0.222306E-01
   0.300001E+02  -0.254772E+00  -0.126338E+00  -0.528104E-01  -0.200102E-01
   0.301001E+02  -0.264779E+00  -0.116582E+00  -0.593423E-01  -0.183743E-01
   0.302001E+02  -0.274808E+00  -0.107396E+00  -0.664586E-01  -0.167009E-01
   0.303001E+02  -0.284238E+00  -0.990635E-01  -0.718161E-01  -0.151469E-01
   0.304001E+02  -0.293197E+00  -0.914643E-01  -0.781414E-01  -0.112501E-01
   0.305001E+02  -0.301707E+00  -0.843846E-01  -0.840618E-01  -0.954094E-02
   0.306001E+02  -0.309639E+00  -0.783687E-01  -0.894263E-01  -0.713747E-02
   0.307001E+02  -0.316677E+00  -0.734901E-01  -0.945019E-01  -0.534087E-02
   0.308001E+02  -0.322907E+00  -0.693114E-01  -0.100218E+00  -0.322465E-02
   0.309001E+02  -0.327936E+00  -0.664396E-01  -0.103269E+00  -0.200429E-02
   0.310001E+02  -0.331981E+00  -0.644234E-01  -0.108671E+00   0.113621E-02
   0.311001E+02  -0.334551E+00  -0.636183E-01  -0.111579E+00   0.203660E-02
   0.312001E+02  -0.336236E+00  -0.636513E-01  -0.115083E+00   0.447102E-02
   0.313001E+02  -0.336250E+00  -0.650039E-01  -0.116735E+00   0.583254E-02
   0.314001E+02  -0.335043E+00  -0.672975E-01  -0.117353E+00   0.680410E-02
   0.315001E+02  -0.332667E+00  -0.704327E-01  -0.116934E+00   0.723481E-02
   0.316001E+02  -0.328898E+00  -0.744295E-01  -0.115303E+00   0.788501E-02
   0.317001E+02  -0.323479E+00  -0.795470E-01  -0.112515E+00   0.863446E-02
   0.318001E+02  -0.317086E+00  -0.851676E-01  -0.109441E+00   0.880890E-02
   0.319001E+02  -0.309181E+00  -0.918626E-01  -0.105653E+00   0.867969E-02
   0.320001E+02  -0.300161E+00  -0.989995E-01  -0.101071E+00   0.790503E-02
   0.321001E+02  -0.289803E+00  -0.107087E+00  -0.950153E-01   0.666464E-02
   0.322001E+02  -0.278438E+00  -0.115895E+00  -0.890223E-01   0.429137E-02
   0.323001E+02  -0.266329E+00  -0.124961E+00  -0.815514E-01   0.279231E-02
   0.324001E+02  -0.253296E+00  -0.134927E+00  -0.753427E-01  -0.486355E-04
   0.325001E+02  -0.239937E+00  -0.145020E+00  -0.692092E-01  -0.220810E-02
   0.326001E+02  -0.226068E+00  -0.155861E+00  -0.631460E-01  -0.523683E-02
   0.327001E+02  -0.211898E+00  -0.166765E+00  -0.569110E-01  -0.962140E-02
   0.328001E+02  -0.197692E+00  -0.177957E+00  -0.507953E-01  -0.141675E-01
   0.329001E+02  -0.183556E+00  -0.189283E+00  -0.452732E-01  -0.191433E-01
   0.330001E+02  -0.169462E+00  -0.200853E+00  -0.407070E-01  -0.244058E-01
   0.331001E+02  -0.155328E+00  -0.212669E+00  -0.350907E-01  -0.303180E-01
   0.332001E+02  -0.141857E+00  -0.224504E+00  -0.312101E-01  -0.364845E-01
   0.333001E+02  -0.129076E+00  -0.236343E+00  -0.285076E-01  -0.429048E-01
   0.334001E+02  -0.117195E+00  -0.247925E+00  -0.271859E-01  -0.490386E-01
   0.335001E+02  -0.105818E+00  -0.259245E+00  -0.262550E-01  -0.552034E-01
   0.336001E+02  -0.957641E-01  -0.270076E+00  -0.260595E-01  -0.616341E-01
   0.337001E+02  -0.863665E-01  -0.280669E+00  -0.249049E-01  -0.675589E-01
   0.338001E+02  -0.778423E-01  -0.290768E+00  -0.225853E-01  -0.732553E-01
   0.339001E+02  -0.702412E-01  -0.300361E+00  -0.215343E-01  -0.794934E-01
   0.340001E+02  -0.636920E-01  -0.309154E+00  -0.193399E-01  -0.843142E-01
   0.341001E+02  -0.583726E-01  -0.317381E+00  -0.179737E-01  -0.894451E-01
   0.342001E+02  -0.540590E-01  -0.324836E+00  -0.183099E-01  -0.949250E-01
   0.343000E+02  -0.512514E-01  -0.330940E+00  -0.134364E-01  -0.983855E-01
   0.344000E+02  -0.493265E-01  -0.336091E+00  -0.131891E-01  -0.103442E+00
   0.345000E+02  -0.486032E-01  -0.339742E+00  -0.112797E-01  -0.107050E+00
   0.346000E+02  -0.491933E-01  -0.341889E+00  -0.916123E-02  -0.109791E+00
   0.347000E+02  -0.507283E-01  -0.342525E+00  -0.742978E-02  -0.111411E+00
   0.348000E+02  -0.537849E-01  -0.341537E+00  -0.642556E-02  -0.111814E+00
   0.349000E+02  -0.572954E-01  -0.339255E+00  -0.559320E-02  -0.110877E+00
   0.350000E+02  -0.621231E-01  -0.335167E+00  -0.424209E-02  -0.108534E+00
   0.351000E+02  -0.678880E-01  -0.329601E+00  -0.340342E-02  -0.105977E+00
   0.352000E+02  -0.743656E-01  -0.322667E+00  -0.233069E-02  -0.102203E+00
   0.353000E+02  -0.818042E-01  -0.314238E+00  -0.177062E-02  -0.988154E-01
   0.354000E+02  -0.899389E-01  -0.304305E+00  -0.244163E-02  -0.941339E-01
   0.355000E+02  -0.988011E-01  -0.292957E+00  -0.296976E-02  -0.885691E-01
   0.356000E+02  -0.108557E+00  -0.280438E+00  -0.442856E-02  -0.825226E-01
   0.357000E+02  -0.118573E+00  -0.266934E+00  -0.599443E-02  -0.763086E-01
   0.358000E+02  -0.129197E+00  -0.252422E+00  -0.753410E-02  -0.703813E-01
   0.359000E+02  -0.140301E+00  -0.237386E+00  -0.941105E-02  -0.651601E-01
   0.360000E+02  -0.151797E+00  -0.221680E+00  -0.118801E-01  -0.595743E-01
   0.361000E+02  -0.163650E+00  -0.205829E+00  -0.154155E-01  -0.540571E-01
   0.362000E+02  -0.175510E+00  -0.190031E+00  -0.194568E-01  -0.488246E-01
   0.363000E+02  -0.187449E+00  -0.174314E+00  -0.240380E-01  -0.444580E-01
   0.364000E+02  -0.199475E+00  -0.158649E+00  -0.286253E-01  -0.402192E-01
   0.365000E+02  -0.211885E+00  -0.143173E+00  -0.344120E-01  -0.357719E-01
   0.366000E+02  -0.224354E+00  -0.128364E+00  -0.400624E-01  -0.325944E-01
   0.367000E+02  -0.236748E+00  -0.114750E+00  -0.463593E-01  -0.314968E-01
   0.368000E+02  -0.249107E+00  -0.102129E+00  -0.520077E-01  -0.311309E-01
   0.369000E+02  -0.260991E+00  -0.903546E-01  -0.580783E-01  -0.310477E-01
   0.370000E+02  -0.272282E+00  -0.796799E-01  -0.634552E-01  -0.304187E-01
   0.371000E+02  -0.283168E+00  -0.702733E-01  -0.695971E-01  -0.301958E-01
   0.372000E+02  -0.293613E+00  -0.618358E-01  -0.748152E-01  -0.278243E-01
   0.373000E+02  -0.303463E+00  -0.542593E-01  -0.801233E-01  -0.270204E-01
   0.374000E+02  -0.312460E+00  -0.482129E-01  -0.850807E-01  -0.254344E-01
   0.375000E+02  -0.320764E+00  -0.433652E-01  -0.896443E-01  -0.243630E-01
   0.376000E+02  -0.328187E+00  -0.399432E-01  -0.946608E-01  -0.225724E-01
   0.377000E+02  -0.334479E+00  -0.377052E-01  -0.974301E-01  -0.215686E-01
   0.378000E+02  -0.339513E+00  -0.368497E-01  -0.102262E+00  -0.202607E-01
   0.379000E+02  -0.342724E+00  -0.371938E-01  -0.105121E+00  -0.176709E-01
   0.380000E+02  -0.344565E+00  -0.388356E-01  -0.106947E+00  -0.158316E-01
   0.381000E+02  -0.344685E+00  -0.417174E-01  -0.107673E+00  -0.145788E-01
   0.382000E+02  -0.343076E+00  -0.455480E-01  -0.107369E+00  -0.145158E-01
   0.383000E+02  -0.339530E+00  -0.506935E-01  -0.104385E+00  -0.113710E-01
   0.384000E+02  -0.334545E+00  -0.565407E-01  -0.102164E+00  -0.109460E-01
   0.385000E+02  -0.327728E+00  -0.633181E-01  -0.985045E-01  -0.968818E-02
   0.386000E+02  -0.319420E+00  -0.710500E-01  -0.949438E-01  -0.839588E-02
   0.387000E+02  -0.309526E+00  -0.796858E-01  -0.909697E-01  -0.819419E-02
   0.388000E+02  -0.297999E+00  -0.889249E-01  -0.867099E-01  -0.789579E-02
   0.389000E+02  -0.285092E+00  -0.989457E-01  -0.794422E-01  -0.102132E-01
   0.390000E+02  -0.270977E+00  -0.109540E+00  -0.740942E-01  -0.103395E-01
   0.391000E+02  -0.255582E+00  -0.120671E+00  -0.686667E-01  -0.116793E-01
   0.392000E+02  -0.239458E+00  -0.132261E+00  -0.637558E-01  -0.128171E-01
   0.393000E+02  -0.222736E+00  -0.144264E+00  -0.587031E-01  -0.148457E-01
   0.394000E+02  -0.205698E+00  -0.156395E+00  -0.536789E-01  -0.178184E-01
   0.395000E+02  -0.188499E+00  -0.168874E+00  -0.486158E-01  -0.212468E-01
   0.396000E+02  -0.171578E+00  -0.181134E+00  -0.446584E-01  -0.253215E-01
   0.397000E+02  -0.154486E+00  -0.193573E+00  -0.409121E-01  -0.295503E-01
   0.398000E+02  -0.137874E+00  -0.206117E+00  -0.373330E-01  -0.349798E-01
   0.399000E+02  -0.122103E+00  -0.218909E+00  -0.340545E-01  -0.404658E-01
   0.400000E+02  -0.107291E+00  -0.231690E+00  -0.330111E-01  -0.462792E-01
   0.401000E+02  -0.939139E-01  -0.244375E+00  -0.332998E-01  -0.521030E-01
   0.402000E+02  -0.812748E-01  -0.256942E+00  -0.329309E-01  -0.573889E-01
   0.403000E+02  -0.703014E-01  -0.268684E+00  -0.332995E-01  -0.628793E-01
   0.404000E+02  -0.603895E-01  -0.279961E+00  -0.331018E-01  -0.686175E-01
   0.405000E+02  -0.517724E-01  -0.290900E+00  -0.313630E-01  -0.737441E-01
   0.406000E+02  -0.440462E-01  -0.301143E+00  -0.303816E-01  -0.790101E-01
   0.407000E+02  -0.380232E-01  -0.310489E+00  -0.295379E-01  -0.837869E-01
   0.407999E+02  -0.332210E-01  -0.319058E+00  -0.280981E-01  -0.878851E-01
   0.408999E+02  -0.299140E-01  -0.326873E+00  -0.267719E-01  -0.929178E-01
   0.409999E+02  -0.280658E-01  -0.333303E+00  -0.259775E-01  -0.955682E-01
   0.410999E+02  -0.274836E-01  -0.338814E+00  -0.238969E-01  -0.998229E-01
   0.411999E+02  -0.282482E-01  -0.342499E+00  -0.218308E-01  -0.102569E+00
   0.412999E+02  -0.304805E-01  -0.344435E+00  -0.201378E-01  -0.104205E+00
   0.413999E+02  -0.338172E-01  -0.344923E+00  -0.189753E-01  -0.104678E+00
   0.414999E+02  -0.382753E-01  -0.343340E+00  -0.179356E-01  -0.103662E+00
   0.415999E+02  -0.440207E-01  -0.339661E+00  -0.165706E-01  -0.101415E+00
   0.416999E+02  -0.503519E-01  -0.334448E+00  -0.150557E-01  -0.983308E-01
   0.417999E+02  -0.577921E-01  -0.327254E+00  -0.136353E-01  -0.946843E-01
   0.418999E+02  -0.661383E-01  -0.318530E+00  -0.121489E-01  -0.911448E-01
   0.419999E+02  -0.753347E-01  -0.308118E+00  -0.120610E-01  -0.873455E-01
   0.420999E+02  -0.852269E-01  -0.295906E+00  -0.116683E-01  -0.818409E-01
   0.421999E+02  -0.958328E-01  -0.282237E+00  -0.127156E-01  -0.765473E-01
   0.422999E+02  -0.106943E+00  -0.267215E+00  -0.136052E-01  -0.709565E-01
   0.423999E+02  -0.118481E+00  -0.250995E+00  -0.146107E-01  -0.656816E-01
   0.424999E+02  -0.130433E+00  -0.233936E+00  -0.156801E-01  -0.611647E-01
   0.425999E+02  -0.142945E+00  -0.216030E+00  -0.174529E-01  -0.562290E-01
   0.426999E+02  -0.155392E+00  -0.198098E+00  -0.203368E-01  -0.514686E-01
   0.427999E+02  -0.168259E+00  -0.179922E+00  -0.238338E-01  -0.471385E-01
   0.428999E+02  -0.180861E+00  -0.162054E+00  -0.272830E-01  -0.430792E-01
   0.429999E+02  -0.193389E+00  -0.144333E+00  -0.319439E-01  -0.404061E-01
   0.430999E+02  -0.206186E+00  -0.127034E+00  -0.372644E-01  -0.366871E-01
   0.431999E+02  -0.219201E+00  -0.110635E+00  -0.427312E-01  -0.342659E-01
   0.432999E+02  -0.232202E+00  -0.957441E-01  -0.484536E-01  -0.338939E-01
   0.433999E+02  -0.245125E+00  -0.821693E-01  -0.539211E-01  -0.344490E-01
   0.434999E+02  -0.257855E+00  -0.697475E-01  -0.592957E-01  -0.347527E-01
   0.435999E+02  -0.269893E+00  -0.587516E-01  -0.645224E-01  -0.345883E-01
   0.436999E+02  -0.281190E+00  -0.492075E-01  -0.698383E-01  -0.344551E-01
   0.437999E+02  -0.292124E+00  -0.409123E-01  -0.751957E-01  -0.331559E-01
   0.438999E+02  -0.302383E+00  -0.338765E-01  -0.801610E-01  -0.320729E-01
   0.439999E+02  -0.311809E+00  -0.282129E-01  -0.848953E-01  -0.310036E-01
   0.440999E+02  -0.320129E+00  -0.242876E-01  -0.881064E-01  -0.312718E-01
   0.441999E+02  -0.327753E+00  -0.217231E-01  -0.927230E-01  -0.290285E-01
   0.442999E+02  -0.334111E+00  -0.205354E-01  -0.963588E-01  -0.273344E-01
   0.443999E+02  -0.339058E+00  -0.208479E-01  -0.994138E-01  -0.256401E-01
   0.444999E+02  -0.342441E+00  -0.224160E-01  -0.101589E+00  -0.238639E-01
   0.445999E+02  -0.344036E+00  -0.256253E-01  -0.103047E+00  -0.230662E-01
   0.446999E+02  -0.343734E+00  -0.300811E-01  -0.102054E+00  -0.206410E-01
   0.447999E+02  -0.341551E+00  -0.351668E-01  -0.100812E+00  -0.203126E-01
   0.448999E+02  -0.337192E+00  -0.415961E-01  -0.981286E-01  -0.185515E-01
   0.449999E+02  -0.330903E+00  -0.490189E-01  -0.944231E-01  -0.173869E-01
   0.450999E+02  -0.323065E+00  -0.569783E-01  -0.907948E-01  -0.154631E-01
   0.451999E+02  -0.313289E+00  -0.662089E-01  -0.873142E-01  -0.144155E-01
   0.452999E+02  -0.301601E+00  -0.762251E-01  -0.827788E-01  -0.141240E-01
   0.453999E+02  -0.288471E+00  -0.868094E-01  -0.779411E-01  -0.149333E-01
   0.454999E+02  -0.273696E+00  -0.979518E-01  -0.720577E-01  -0.144068E-01
   0.455999E+02  -0.257482E+00  -0.109617E+00  -0.664859E-01  -0.163960E-01
   0.456999E+02  -0.240209E+00  -0.121698E+00  -0.622162E-01  -0.168486E-01
   0.457999E+02  -0.222123E+00  -0.134111E+00  -0.577441E-01  -0.179170E-01
   0.458999E+02  -0.203524E+00  -0.146801E+00  -0.528678E-01  -0.202404E-01
   0.459999E+02  -0.184635E+00  -0.159674E+00  -0.483949E-01  -0.232629E-01
   0.460999E+02  -0.165963E+00  -0.172580E+00  -0.446215E-01  -0.266660E-01
   0.461999E+02  -0.147469E+00  -0.185378E+00  -0.415114E-01  -0.305967E-01
   0.462999E+02  -0.129372E+00  -0.198073E+00  -0.384749E-01  -0.354510E-01
   0.463999E+02  -0.112062E+00  -0.211042E+00  -0.353274E-01  -0.408813E-01
   0.464999E+02  -0.961221E-01  -0.224196E+00  -0.344781E-01  -0.463809E-01
   0.465999E+02  -0.815004E-01  -0.237324E+00  -0.352213E-01  -0.521168E-01
   0.466999E+02  -0.684660E-01  -0.250232E+00  -0.347546E-01  -0.572081E-01
   0.467999E+02  -0.568013E-01  -0.262829E+00  -0.360872E-01  -0.619983E-01
   0.468999E+02  -0.466800E-01  -0.274645E+00  -0.358324E-01  -0.678670E-01
   0.469999E+02  -0.377694E-01  -0.285964E+00  -0.346857E-01  -0.728829E-01
   0.470999E+02  -0.303505E-01  -0.296569E+00  -0.340204E-01  -0.779681E-01
   0.471999E+02  -0.243952E-01  -0.306570E+00  -0.344484E-01  -0.828799E-01
   0.472999E+02  -0.199152E-01  -0.315438E+00  -0.314343E-01  -0.860734E-01
   0.473998E+02  -0.170103E-01  -0.323458E+00  -0.310405E-01  -0.908601E-01
   0.474998E+02  -0.156385E-01  -0.330429E+00  -0.300285E-01  -0.939195E-01
   0.475998E+02  -0.157143E-01  -0.336010E+00  -0.280269E-01  -0.973352E-01
   0.476998E+02  -0.170309E-01  -0.340149E+00  -0.262367E-01  -0.999102E-01
   0.477998E+02  -0.202069E-01  -0.342439E+00  -0.244891E-01  -0.101742E+00
   0.478998E+02  -0.241805E-01  -0.343113E+00  -0.238115E-01  -0.100702E+00
   0.479998E+02  -0.296500E-01  -0.341619E+00  -0.226787E-01  -0.100008E+00
   0.480998E+02  -0.360064E-01  -0.338000E+00  -0.210898E-01  -0.973233E-01
   0.481998E+02  -0.432601E-01  -0.332301E+00  -0.194842E-01  -0.940923E-01
   0.482998E+02  -0.515688E-01  -0.324672E+00  -0.179407E-01  -0.903417E-01
   0.483998E+02  -0.606408E-01  -0.315421E+00  -0.163691E-01  -0.870342E-01
   0.484998E+02  -0.706043E-01  -0.304254E+00  -0.157146E-01  -0.827405E-01
   0.485998E+02  -0.813852E-01  -0.291263E+00  -0.161505E-01  -0.778775E-01
   0.486998E+02  -0.925737E-01  -0.276643E+00  -0.163156E-01  -0.723055E-01
   0.487998E+02  -0.104424E+00  -0.260463E+00  -0.170886E-01  -0.672658E-01
   0.488998E+02  -0.116606E+00  -0.243042E+00  -0.178156E-01  -0.623653E-01
   0.489998E+02  -0.129058E+00  -0.224692E+00  -0.188310E-01  -0.582640E-01
   0.490998E+02  -0.141737E+00  -0.205779E+00  -0.206252E-01  -0.535691E-01
   0.491998E+02  -0.154770E+00  -0.186273E+00  -0.231693E-01  -0.490525E-01
   0.492998E+02  -0.167746E+00  -0.167117E+00  -0.268538E-01  -0.452368E-01
   0.493998E+02  -0.180743E+00  -0.148170E+00  -0.301908E-01  -0.419165E-01
   0.494998E+02  -0.193434E+00  -0.129458E+00  -0.346937E-01  -0.393182E-01
   0.495998E+02  -0.206330E+00  -0.111761E+00  -0.402388E-01  -0.361355E-01
   0.496998E+02  -0.219574E+00  -0.949126E-01  -0.455429E-01  -0.347711E-01
   0.497998E+02  -0.232700E+00  -0.800039E-01  -0.511473E-01  -0.353282E-01
   0.498998E+02  -0.245776E+00  -0.664849E-01  -0.563790E-01  -0.358751E-01
   0.499998E+02  -0.258622E+00  -0.545168E-01  -0.614337E-01  -0.363541E-01
   0.500998E+02  -0.270729E+00  -0.438973E-01  -0.666506E-01  -0.366107E-01
   0.501998E+02  -0.282232E+00  -0.349418E-01  -0.718224E-01  -0.359126E-01
   0.502998E+02  -0.293123E+00  -0.272348E-01  -0.770120E-01  -0.348650E-01
   0.503998E+02  -0.303268E+00  -0.211721E-01  -0.817142E-01  -0.351374E-01
   0.504998E+02  -0.312614E+00  -0.164408E-01  -0.851990E-01  -0.331378E-01
   0.505998E+02  -0.320741E+00  -0.136655E-01  -0.897147E-01  -0.324413E-01
   0.506998E+02  -0.328024E+00  -0.120611E-01  -0.928451E-01  -0.315816E-01
   0.507998E+02  -0.333885E+00  -0.121958E-01  -0.961795E-01  -0.295036E-01
   0.508998E+02  -0.338396E+00  -0.135363E-01  -0.989047E-01  -0.277649E-01
   0.509998E+02  -0.341147E+00  -0.164912E-01  -0.100195E+00  -0.262179E-01
   0.510998E+02  -0.342098E+00  -0.207689E-01  -0.100500E+00  -0.251381E-01
   0.511998E+02  -0.341048E+00  -0.261735E-01  -0.991823E-01  -0.240965E-01
   0.512998E+02  -0.337794E+00  -0.326531E-01  -0.967022E-01  -0.227220E-01
   0.513998E+02  -0.332379E+00  -0.400107E-01  -0.934451E-01  -0.209950E-01
   0.514998E+02  -0.325016E+00  -0.483072E-01  -0.894464E-01  -0.193523E-01
   0.515998E+02  -0.315827E+00  -0.576058E-01  -0.864893E-01  -0.178617E-01
   0.516998E+02  -0.304744E+00  -0.676442E-01  -0.823689E-01  -0.169407E-01
   0.517998E+02  -0.291871E+00  -0.784459E-01  -0.774831E-01  -0.170866E-01
   0.518998E+02  -0.277200E+00  -0.897818E-01  -0.721498E-01  -0.174641E-01
   0.519998E+02  -0.260961E+00  -0.101652E+00  -0.670666E-01  -0.179578E-01
   0.520998E+02  -0.243388E+00  -0.113934E+00  -0.622361E-01  -0.187033E-01
   0.521998E+02  -0.224866E+00  -0.126463E+00  -0.581099E-01  -0.194713E-01
   0.522998E+02  -0.205462E+00  -0.139375E+00  -0.535447E-01  -0.211516E-01
   0.523998E+02  -0.185802E+00  -0.152347E+00  -0.489606E-01  -0.237157E-01
   0.524998E+02  -0.166257E+00  -0.165423E+00  -0.454809E-01  -0.269819E-01
   0.525998E+02  -0.146923E+00  -0.178479E+00  -0.419747E-01  -0.303281E-01
   0.526998E+02  -0.127934E+00  -0.191327E+00  -0.395820E-01  -0.348485E-01
   0.527998E+02  -0.109833E+00  -0.204169E+00  -0.364419E-01  -0.402412E-01
   0.528998E+02  -0.926907E-01  -0.217338E+00  -0.350550E-01  -0.455253E-01
   0.529998E+02  -0.776041E-01  -0.230580E+00  -0.355499E-01  -0.510491E-01
   0.530998E+02  -0.639158E-01  -0.243631E+00  -0.363939E-01  -0.563144E-01
   0.531998E+02  -0.517376E-01  -0.256575E+00  -0.366814E-01  -0.611918E-01
   0.532998E+02  -0.410713E-01  -0.268912E+00  -0.370929E-01  -0.664507E-01
   0.533998E+02  -0.321666E-01  -0.280431E+00  -0.365598E-01  -0.715695E-01
   0.534998E+02  -0.244866E-01  -0.291472E+00  -0.355807E-01  -0.767464E-01
   0.535998E+02  -0.183977E-01  -0.301756E+00  -0.359865E-01  -0.814352E-01
   0.536998E+02  -0.137510E-01  -0.311140E+00  -0.338275E-01  -0.847861E-01
   0.537998E+02  -0.110452E-01  -0.319427E+00  -0.334136E-01  -0.892637E-01
   0.538997E+02  -0.955338E-02  -0.326762E+00  -0.323070E-01  -0.924632E-01
   0.539997E+02  -0.975324E-02  -0.332807E+00  -0.304081E-01  -0.956529E-01
   0.540997E+02  -0.112200E-01  -0.337363E+00  -0.286469E-01  -0.983417E-01
   0.541997E+02  -0.143326E-01  -0.340205E+00  -0.272178E-01  -0.996142E-01
   0.542997E+02  -0.187708E-01  -0.341267E+00  -0.260235E-01  -0.998043E-01
   0.543997E+02  -0.242898E-01  -0.340370E+00  -0.250255E-01  -0.984697E-01
   0.544997E+02  -0.309487E-01  -0.337127E+00  -0.236564E-01  -0.959325E-01
   0.545997E+02  -0.384370E-01  -0.331767E+00  -0.219452E-01  -0.926867E-01
   0.546997E+02  -0.468683E-01  -0.324374E+00  -0.203651E-01  -0.890228E-01
   0.547997E+02  -0.563446E-01  -0.315162E+00  -0.186330E-01  -0.856453E-01
   0.548997E+02  -0.664767E-01  -0.303964E+00  -0.178120E-01  -0.815809E-01
   0.549997E+02  -0.773653E-01  -0.290989E+00  -0.179785E-01  -0.768148E-01
   0.550997E+02  -0.887896E-01  -0.276158E+00  -0.181315E-01  -0.713138E-01
   0.551997E+02  -0.100733E+00  -0.259735E+00  -0.186449E-01  -0.664705E-01
   0.552997E+02  -0.113152E+00  -0.241991E+00  -0.192948E-01  -0.616180E-01
   0.553997E+02  -0.125790E+00  -0.223176E+00  -0.201781E-01  -0.576850E-01
   0.554997E+02  -0.138756E+00  -0.203611E+00  -0.216989E-01  -0.530675E-01
   0.555997E+02  -0.151793E+00  -0.183642E+00  -0.242188E-01  -0.486980E-01
   0.556997E+02  -0.164914E+00  -0.163871E+00  -0.275246E-01  -0.449818E-01
   0.557997E+02  -0.178029E+00  -0.144338E+00  -0.308795E-01  -0.419416E-01
   0.558997E+02  -0.190942E+00  -0.125159E+00  -0.353528E-01  -0.394086E-01
   0.559997E+02  -0.203810E+00  -0.106933E+00  -0.407336E-01  -0.363892E-01
   0.560997E+02  -0.217016E+00  -0.897741E-01  -0.459952E-01  -0.351718E-01
   0.561997E+02  -0.230149E+00  -0.746120E-01  -0.515510E-01  -0.360221E-01
   0.562997E+02  -0.243300E+00  -0.609554E-01  -0.566592E-01  -0.366028E-01
   0.563997E+02  -0.256240E+00  -0.488342E-01  -0.615015E-01  -0.369014E-01
   0.564997E+02  -0.268579E+00  -0.383974E-01  -0.667711E-01  -0.375015E-01
   0.565997E+02  -0.280158E+00  -0.294149E-01  -0.718494E-01  -0.368689E-01
   0.566997E+02  -0.291230E+00  -0.219428E-01  -0.771106E-01  -0.358244E-01
   0.567997E+02  -0.301471E+00  -0.160787E-01  -0.815096E-01  -0.369787E-01
   0.568997E+02  -0.310842E+00  -0.116040E-01  -0.848311E-01  -0.340438E-01
   0.569997E+02  -0.319203E+00  -0.896339E-02  -0.897182E-01  -0.333742E-01
   0.570997E+02  -0.326419E+00  -0.779083E-02  -0.918409E-01  -0.333192E-01
   0.571997E+02  -0.332459E+00  -0.815974E-02  -0.955268E-01  -0.307571E-01
   0.572997E+02  -0.336892E+00  -0.990402E-02  -0.980753E-01  -0.290665E-01
   0.573997E+02  -0.339717E+00  -0.131791E-01  -0.997150E-01  -0.279966E-01
   0.574997E+02  -0.340645E+00  -0.178019E-01  -0.987667E-01  -0.262553E-01
   0.575997E+02  -0.339619E+00  -0.236031E-01  -0.978372E-01  -0.256041E-01
   0.576997E+02  -0.336258E+00  -0.304251E-01  -0.951512E-01  -0.241898E-01
   0.577997E+02  -0.330759E+00  -0.380098E-01  -0.918350E-01  -0.224318E-01
   0.578997E+02  -0.323071E+00  -0.468076E-01  -0.881093E-01  -0.208623E-01
   0.579997E+02  -0.313763E+00  -0.562927E-01  -0.848946E-01  -0.190714E-01
   0.580997E+02  -0.302289E+00  -0.665887E-01  -0.806092E-01  -0.183811E-01
   0.581997E+02  -0.289094E+00  -0.776187E-01  -0.760337E-01  -0.188115E-01
   0.582997E+02  -0.274017E+00  -0.891207E-01  -0.701443E-01  -0.184297E-01
   0.583997E+02  -0.257350E+00  -0.101215E+00  -0.656245E-01  -0.191729E-01
   0.584997E+02  -0.239383E+00  -0.113642E+00  -0.609883E-01  -0.199165E-01
   0.585997E+02  -0.220139E+00  -0.126564E+00  -0.569289E-01  -0.206115E-01
   0.586997E+02  -0.200599E+00  -0.139405E+00  -0.524364E-01  -0.223818E-01
   0.587997E+02  -0.180383E+00  -0.152549E+00  -0.478731E-01  -0.248813E-01
   0.588997E+02  -0.160391E+00  -0.165701E+00  -0.445351E-01  -0.279882E-01
   0.589997E+02  -0.140790E+00  -0.178868E+00  -0.415566E-01  -0.317892E-01
   0.590997E+02  -0.121568E+00  -0.191737E+00  -0.392568E-01  -0.360019E-01
   0.591997E+02  -0.103281E+00  -0.204717E+00  -0.360734E-01  -0.415946E-01
   0.592997E+02  -0.864029E-01  -0.217872E+00  -0.354364E-01  -0.468406E-01
   0.593997E+02  -0.711638E-01  -0.231127E+00  -0.367672E-01  -0.525452E-01
   0.594997E+02  -0.577650E-01  -0.244148E+00  -0.358210E-01  -0.569988E-01
   0.595997E+02  -0.458539E-01  -0.257150E+00  -0.376189E-01  -0.620981E-01
   0.596997E+02  -0.356742E-01  -0.269368E+00  -0.377652E-01  -0.675329E-01
   0.597997E+02  -0.268280E-01  -0.280970E+00  -0.367565E-01  -0.724988E-01
   0.598997E+02  -0.196354E-01  -0.291906E+00  -0.365562E-01  -0.774824E-01
   0.599997E+02  -0.139247E-01  -0.302196E+00  -0.361806E-01  -0.818963E-01
   0.600997E+02  -0.995316E-02  -0.311386E+00  -0.361804E-01  -0.858246E-01
   0.601997E+02  -0.736953E-02  -0.319623E+00  -0.333841E-01  -0.890761E-01
   0.602997E+02  -0.658972E-02  -0.326798E+00  -0.325697E-01  -0.929698E-01
   0.603997E+02  -0.717449E-02  -0.332610E+00  -0.309246E-01  -0.957444E-01
   0.604996E+02  -0.919832E-02  -0.336898E+00  -0.292612E-01  -0.980271E-01
   0.605996E+02  -0.128342E-01  -0.339455E+00  -0.284504E-01  -0.992723E-01
   0.606996E+02  -0.176592E-01  -0.340171E+00  -0.264205E-01  -0.985681E-01
   0.607996E+02  -0.236280E-01  -0.338925E+00  -0.258251E-01  -0.970605E-01
   0.608996E+02  -0.307516E-01  -0.335184E+00  -0.241302E-01  -0.959462E-01
   0.609996E+02  -0.386111E-01  -0.329343E+00  -0.229446E-01  -0.900037E-01
   0.610996E+02  -0.474128E-01  -0.321524E+00  -0.210172E-01  -0.871279E-01
   0.611996E+02  -0.573007E-01  -0.311707E+00  -0.193310E-01  -0.839251E-01
   0.612996E+02  -0.675641E-01  -0.300058E+00  -0.186534E-01  -0.794617E-01
   0.613996E+02  -0.788280E-01  -0.286425E+00  -0.190190E-01  -0.747495E-01
   0.614996E+02  -0.904753E-01  -0.271076E+00  -0.190233E-01  -0.700015E-01
   0.615996E+02  -0.102616E+00  -0.254102E+00  -0.196750E-01  -0.638389E-01
   0.616996E+02  -0.115249E+00  -0.235755E+00  -0.203335E-01  -0.601003E-01
   0.617996E+02  -0.128058E+00  -0.216501E+00  -0.210116E-01  -0.561959E-01
   0.618996E+02  -0.141138E+00  -0.196554E+00  -0.230505E-01  -0.516066E-01
   0.619996E+02  -0.154173E+00  -0.176378E+00  -0.255830E-01  -0.471543E-01
   0.620996E+02  -0.167450E+00  -0.156259E+00  -0.287704E-01  -0.439471E-01
   0.621996E+02  -0.180545E+00  -0.136548E+00  -0.325199E-01  -0.412973E-01
   0.622996E+02  -0.193483E+00  -0.117559E+00  -0.372161E-01  -0.384617E-01
   0.623996E+02  -0.206492E+00  -0.991634E-01  -0.426108E-01  -0.359455E-01
   0.624996E+02  -0.219699E+00  -0.825162E-01  -0.478200E-01  -0.354874E-01
   0.625996E+02  -0.232864E+00  -0.676930E-01  -0.533633E-01  -0.367334E-01
   0.626996E+02  -0.245971E+00  -0.543745E-01  -0.581380E-01  -0.370267E-01
   0.627996E+02  -0.258856E+00  -0.428414E-01  -0.630707E-01  -0.373952E-01
   0.628996E+02  -0.271007E+00  -0.328957E-01  -0.681876E-01  -0.376235E-01
   0.629996E+02  -0.282401E+00  -0.245416E-01  -0.734330E-01  -0.371638E-01
   0.630996E+02  -0.293397E+00  -0.173927E-01  -0.783081E-01  -0.363054E-01
   0.631996E+02  -0.303461E+00  -0.121758E-01  -0.824163E-01  -0.361905E-01
   0.632996E+02  -0.312520E+00  -0.846347E-02  -0.862877E-01  -0.356053E-01
   0.633996E+02  -0.320659E+00  -0.614786E-02  -0.899166E-01  -0.340397E-01
   0.634996E+02  -0.327512E+00  -0.586917E-02  -0.932957E-01  -0.328092E-01
   0.635996E+02  -0.333206E+00  -0.647847E-02  -0.961725E-01  -0.309160E-01
   0.636996E+02  -0.337024E+00  -0.922991E-02  -0.980555E-01  -0.292709E-01
   0.637996E+02  -0.339509E+00  -0.127895E-01  -0.989982E-01  -0.279971E-01
   0.638996E+02  -0.339705E+00  -0.183035E-01  -0.984839E-01  -0.274100E-01
   0.639996E+02  -0.338120E+00  -0.242669E-01  -0.961085E-01  -0.255343E-01
   0.640996E+02  -0.334009E+00  -0.316523E-01  -0.935528E-01  -0.243759E-01
   0.641996E+02  -0.327780E+00  -0.398022E-01  -0.900108E-01  -0.228465E-01
   0.642996E+02  -0.319516E+00  -0.487313E-01  -0.862087E-01  -0.207083E-01
   0.643996E+02  -0.309350E+00  -0.588439E-01  -0.832365E-01  -0.199625E-01
   0.644996E+02  -0.297140E+00  -0.693814E-01  -0.779972E-01  -0.185219E-01
   0.645996E+02  -0.283374E+00  -0.806008E-01  -0.734950E-01  -0.192620E-01
   0.646996E+02  -0.267436E+00  -0.925501E-01  -0.683691E-01  -0.196661E-01
   0.647996E+02  -0.250242E+00  -0.104679E+00  -0.633031E-01  -0.198749E-01
   0.648996E+02  -0.231597E+00  -0.117422E+00  -0.592147E-01  -0.205561E-01
   0.649996E+02  -0.212104E+00  -0.130373E+00  -0.551122E-01  -0.216856E-01
   0.650996E+02  -0.191979E+00  -0.143421E+00  -0.503327E-01  -0.235667E-01
   0.651996E+02  -0.171658E+00  -0.156579E+00  -0.466167E-01  -0.265190E-01
   0.652996E+02  -0.151764E+00  -0.169713E+00  -0.431127E-01  -0.294885E-01
   0.653996E+02  -0.131804E+00  -0.182920E+00  -0.407822E-01  -0.334723E-01
   0.654996E+02  -0.112887E+00  -0.195839E+00  -0.377884E-01  -0.383691E-01
   0.655996E+02  -0.948369E-01  -0.208857E+00  -0.357641E-01  -0.438284E-01
   0.656996E+02  -0.785724E-01  -0.222123E+00  -0.357965E-01  -0.491220E-01
   0.657996E+02  -0.640624E-01  -0.235240E+00  -0.365027E-01  -0.542538E-01
   0.658996E+02  -0.510558E-01  -0.248315E+00  -0.374237E-01  -0.592069E-01
   0.659996E+02  -0.398148E-01  -0.261134E+00  -0.379033E-01  -0.643112E-01
   0.660996E+02  -0.303378E-01  -0.273071E+00  -0.377930E-01  -0.692585E-01
   0.661996E+02  -0.221697E-01  -0.284424E+00  -0.370188E-01  -0.744603E-01
   0.662996E+02  -0.154283E-01  -0.295319E+00  -0.364613E-01  -0.792219E-01
   0.663996E+02  -0.106454E-01  -0.305144E+00  -0.362033E-01  -0.833241E-01
   0.664996E+02  -0.718961E-02  -0.314059E+00  -0.356484E-01  -0.868501E-01
   0.665996E+02  -0.550727E-02  -0.321861E+00  -0.340805E-01  -0.906291E-01
   0.666996E+02  -0.505347E-02  -0.328698E+00  -0.322269E-01  -0.939524E-01
   0.667996E+02  -0.679060E-02  -0.333750E+00  -0.310446E-01  -0.963559E-01
   0.668996E+02  -0.927747E-02  -0.337509E+00  -0.292637E-01  -0.982402E-01
   0.669995E+02  -0.135206E-01  -0.339412E+00  -0.278126E-01  -0.986993E-01
   0.670995E+02  -0.189459E-01  -0.339450E+00  -0.266777E-01  -0.990027E-01
   0.671995E+02  -0.255452E-01  -0.337140E+00  -0.263020E-01  -0.946072E-01
   0.672995E+02  -0.330253E-01  -0.332641E+00  -0.241559E-01  -0.924316E-01
   0.673995E+02  -0.413083E-01  -0.325967E+00  -0.224964E-01  -0.889385E-01
   0.674995E+02  -0.507195E-01  -0.317216E+00  -0.207089E-01  -0.854189E-01
   0.675995E+02  -0.608434E-01  -0.306585E+00  -0.195837E-01  -0.817608E-01
   0.676995E+02  -0.714708E-01  -0.294089E+00  -0.191280E-01  -0.773012E-01
   0.677995E+02  -0.829248E-01  -0.279800E+00  -0.195023E-01  -0.719971E-01
   0.678995E+02  -0.949522E-01  -0.263505E+00  -0.197354E-01  -0.670649E-01
   0.679995E+02  -0.107356E+00  -0.245839E+00  -0.203101E-01  -0.622446E-01
   0.680995E+02  -0.120078E+00  -0.226948E+00  -0.208685E-01  -0.582312E-01
   0.681995E+02  -0.133115E+00  -0.207253E+00  -0.221849E-01  -0.538982E-01
   0.682995E+02  -0.146124E+00  -0.187054E+00  -0.242300E-01  -0.494209E-01
   0.683995E+02  -0.159414E+00  -0.166634E+00  -0.275178E-01  -0.460394E-01
   0.684995E+02  -0.172531E+00  -0.146717E+00  -0.302308E-01  -0.422422E-01
   0.685995E+02  -0.185618E+00  -0.126996E+00  -0.344748E-01  -0.400192E-01
   0.686995E+02  -0.198605E+00  -0.108143E+00  -0.398458E-01  -0.372125E-01
   0.687995E+02  -0.211687E+00  -0.903577E-01  -0.450211E-01  -0.355610E-01
   0.688995E+02  -0.224919E+00  -0.745183E-01  -0.504473E-01  -0.359937E-01
   0.689995E+02  -0.238035E+00  -0.603679E-01  -0.556171E-01  -0.369802E-01
   0.690995E+02  -0.251064E+00  -0.477952E-01  -0.603519E-01  -0.373853E-01
   0.691995E+02  -0.263743E+00  -0.370702E-01  -0.655953E-01  -0.381007E-01
   0.692995E+02  -0.275548E+00  -0.277041E-01  -0.704744E-01  -0.377278E-01
   0.693995E+02  -0.286768E+00  -0.199837E-01  -0.756897E-01  -0.368818E-01
   0.694995E+02  -0.297473E+00  -0.137104E-01  -0.803363E-01  -0.370748E-01
   0.695995E+02  -0.307128E+00  -0.920488E-02  -0.838518E-01  -0.358051E-01
   0.696995E+02  -0.315828E+00  -0.621108E-02  -0.879107E-01  -0.353200E-01
   0.697995E+02  -0.323422E+00  -0.473589E-02  -0.913674E-01  -0.338484E-01
   0.698995E+02  -0.329720E+00  -0.527317E-02  -0.943673E-01  -0.322571E-01
   0.699995E+02  -0.334705E+00  -0.670478E-02  -0.969936E-01  -0.304908E-01
   0.700995E+02  -0.337907E+00  -0.991109E-02  -0.984310E-01  -0.292043E-01
   0.701995E+02  -0.339402E+00  -0.144537E-01  -0.984511E-01  -0.278254E-01
   0.702995E+02  -0.339009E+00  -0.200914E-01  -0.972497E-01  -0.268675E-01
   0.703995E+02  -0.336143E+00  -0.270024E-01  -0.947678E-01  -0.255812E-01
   0.704995E+02  -0.331087E+00  -0.346732E-01  -0.916417E-01  -0.239812E-01
   0.705995E+02  -0.323905E+00  -0.432794E-01  -0.877389E-01  -0.222143E-01
   0.706995E+02  -0.314742E+00  -0.528690E-01  -0.846148E-01  -0.204821E-01
   0.707995E+02  -0.303638E+00  -0.630928E-01  -0.806706E-01  -0.194933E-01
   0.708995E+02  -0.290660E+00  -0.740766E-01  -0.759468E-01  -0.194823E-01
   0.709995E+02  -0.275813E+00  -0.856286E-01  -0.705548E-01  -0.195576E-01
   0.710995E+02  -0.259232E+00  -0.977069E-01  -0.658103E-01  -0.198656E-01
   0.711995E+02  -0.241141E+00  -0.110275E+00  -0.610277E-01  -0.204977E-01
   0.712995E+02  -0.222063E+00  -0.123018E+00  -0.572351E-01  -0.212815E-01
   0.713995E+02  -0.202083E+00  -0.136161E+00  -0.528913E-01  -0.227061E-01
   0.714995E+02  -0.181762E+00  -0.149255E+00  -0.481735E-01  -0.248879E-01
   0.715995E+02  -0.161433E+00  -0.162452E+00  -0.447513E-01  -0.280838E-01
   0.716995E+02  -0.141546E+00  -0.175576E+00  -0.419519E-01  -0.314868E-01
   0.717995E+02  -0.121862E+00  -0.188680E+00  -0.395157E-01  -0.358051E-01
   0.718995E+02  -0.103311E+00  -0.201641E+00  -0.365576E-01  -0.411489E-01
   0.719995E+02  -0.858757E-01  -0.214806E+00  -0.354926E-01  -0.463422E-01
   0.720995E+02  -0.704985E-01  -0.228008E+00  -0.367030E-01  -0.519169E-01
   0.721995E+02  -0.567605E-01  -0.241066E+00  -0.366517E-01  -0.566022E-01
   0.722995E+02  -0.445465E-01  -0.254104E+00  -0.376789E-01  -0.617124E-01
   0.723995E+02  -0.341422E-01  -0.266627E+00  -0.381618E-01  -0.668007E-01
   0.724995E+02  -0.252719E-01  -0.278285E+00  -0.375889E-01  -0.718407E-01
   0.725995E+02  -0.179453E-01  -0.289376E+00  -0.367602E-01  -0.769545E-01
   0.726995E+02  -0.122183E-01  -0.299783E+00  -0.373405E-01  -0.813103E-01
   0.727995E+02  -0.791870E-02  -0.309276E+00  -0.357024E-01  -0.848045E-01
   0.728995E+02  -0.545849E-02  -0.317698E+00  -0.345437E-01  -0.890596E-01
   0.729995E+02  -0.454787E-02  -0.324982E+00  -0.339599E-01  -0.917559E-01
   0.730995E+02  -0.510641E-02  -0.331033E+00  -0.317945E-01  -0.950138E-01
   0.731995E+02  -0.715918E-02  -0.335568E+00  -0.301285E-01  -0.974208E-01
   0.732995E+02  -0.106871E-01  -0.338377E+00  -0.291860E-01  -0.990312E-01
   0.733995E+02  -0.155052E-01  -0.339389E+00  -0.273922E-01  -0.977382E-01
   0.734995E+02  -0.216872E-01  -0.338324E+00  -0.267279E-01  -0.967099E-01
   0.735994E+02  -0.287000E-01  -0.334967E+00  -0.253074E-01  -0.946679E-01
   0.736994E+02  -0.365219E-01  -0.329380E+00  -0.235706E-01  -0.901750E-01
   0.737994E+02  -0.455586E-01  -0.321622E+00  -0.219331E-01  -0.868730E-01
   0.738994E+02  -0.553084E-01  -0.312069E+00  -0.202093E-01  -0.836533E-01
   0.739994E+02  -0.656707E-01  -0.300414E+00  -0.193754E-01  -0.793191E-01
   0.740994E+02  -0.768758E-01  -0.286966E+00  -0.197152E-01  -0.746748E-01
   0.741994E+02  -0.885695E-01  -0.271609E+00  -0.194008E-01  -0.698910E-01
   0.742994E+02  -0.100770E+00  -0.254637E+00  -0.204040E-01  -0.637645E-01
   0.743994E+02  -0.113382E+00  -0.236220E+00  -0.207287E-01  -0.601124E-01
   0.744994E+02  -0.126307E+00  -0.216798E+00  -0.214851E-01  -0.561125E-01
   0.745994E+02  -0.139367E+00  -0.196756E+00  -0.233008E-01  -0.516397E-01
   0.746994E+02  -0.152533E+00  -0.176354E+00  -0.258070E-01  -0.472382E-01
   0.747994E+02  -0.165769E+00  -0.156012E+00  -0.288660E-01  -0.439726E-01
   0.748994E+02  -0.178901E+00  -0.136147E+00  -0.325872E-01  -0.413879E-01
   0.749994E+02  -0.191912E+00  -0.116747E+00  -0.371754E-01  -0.386209E-01
   0.750994E+02  -0.204872E+00  -0.984051E-01  -0.425853E-01  -0.361520E-01
   0.751994E+02  -0.218119E+00  -0.815132E-01  -0.477150E-01  -0.355576E-01
   0.752994E+02  -0.231355E+00  -0.664578E-01  -0.532611E-01  -0.369163E-01
   0.753994E+02  -0.244387E+00  -0.531262E-01  -0.579839E-01  -0.371134E-01
   0.754994E+02  -0.257334E+00  -0.414446E-01  -0.628757E-01  -0.377215E-01
   0.755994E+02  -0.269604E+00  -0.315010E-01  -0.679800E-01  -0.378963E-01
   0.756994E+02  -0.281092E+00  -0.230274E-01  -0.732144E-01  -0.375142E-01
   0.757994E+02  -0.292092E+00  -0.159510E-01  -0.780821E-01  -0.367076E-01
   0.758994E+02  -0.302270E+00  -0.107531E-01  -0.821766E-01  -0.366146E-01
   0.759994E+02  -0.311410E+00  -0.705055E-02  -0.859967E-01  -0.360790E-01
   0.760994E+02  -0.319675E+00  -0.469640E-02  -0.896593E-01  -0.346069E-01
   0.761994E+02  -0.326596E+00  -0.445051E-02  -0.929649E-01  -0.331613E-01
   0.762994E+02  -0.332329E+00  -0.513881E-02  -0.957780E-01  -0.314628E-01
   0.763994E+02  -0.336330E+00  -0.795660E-02  -0.977391E-01  -0.298428E-01
   0.764994E+02  -0.338810E+00  -0.115541E-01  -0.986007E-01  -0.285087E-01
   0.765994E+02  -0.339215E+00  -0.170188E-01  -0.981264E-01  -0.279941E-01
   0.766994E+02  -0.337645E+00  -0.231950E-01  -0.957810E-01  -0.261163E-01
   0.767994E+02  -0.333671E+00  -0.305570E-01  -0.931043E-01  -0.248659E-01
   0.768994E+02  -0.327421E+00  -0.388772E-01  -0.896914E-01  -0.234214E-01
   0.769994E+02  -0.319281E+00  -0.477969E-01  -0.858315E-01  -0.212162E-01
   0.770994E+02  -0.309081E+00  -0.579177E-01  -0.828696E-01  -0.204354E-01
   0.771994E+02  -0.296847E+00  -0.685858E-01  -0.777052E-01  -0.190385E-01
   0.772994E+02  -0.283091E+00  -0.797561E-01  -0.731801E-01  -0.196975E-01
   0.773994E+02  -0.267096E+00  -0.917776E-01  -0.680972E-01  -0.200619E-01
   0.774994E+02  -0.249799E+00  -0.103970E+00  -0.630774E-01  -0.202759E-01
   0.775994E+02  -0.231065E+00  -0.116704E+00  -0.590066E-01  -0.209045E-01
   0.776994E+02  -0.211444E+00  -0.129700E+00  -0.549921E-01  -0.220669E-01
   0.777994E+02  -0.191189E+00  -0.142800E+00  -0.501127E-01  -0.238012E-01
   0.778994E+02  -0.170737E+00  -0.156003E+00  -0.465352E-01  -0.268069E-01
   0.779994E+02  -0.150690E+00  -0.169145E+00  -0.429927E-01  -0.296884E-01
   0.780994E+02  -0.130626E+00  -0.182366E+00  -0.407533E-01  -0.336914E-01
   0.781994E+02  -0.111599E+00  -0.195320E+00  -0.377775E-01  -0.386184E-01
   0.782994E+02  -0.934825E-01  -0.208335E+00  -0.358485E-01  -0.439604E-01
   0.783994E+02  -0.771636E-01  -0.221630E+00  -0.358711E-01  -0.492730E-01
   0.784994E+02  -0.626254E-01  -0.234776E+00  -0.366723E-01  -0.544101E-01
   0.785994E+02  -0.496637E-01  -0.247810E+00  -0.376172E-01  -0.593195E-01
   0.786994E+02  -0.384072E-01  -0.260676E+00  -0.380332E-01  -0.643799E-01
   0.787994E+02  -0.289507E-01  -0.272647E+00  -0.381110E-01  -0.693748E-01
   0.788994E+02  -0.209090E-01  -0.283984E+00  -0.371651E-01  -0.745053E-01
   0.789994E+02  -0.141538E-01  -0.294920E+00  -0.367293E-01  -0.792434E-01
   0.790994E+02  -0.947493E-02  -0.304752E+00  -0.366278E-01  -0.831987E-01
   0.791994E+02  -0.608009E-02  -0.313696E+00  -0.357776E-01  -0.869784E-01
   0.792994E+02  -0.452161E-02  -0.321469E+00  -0.343618E-01  -0.905378E-01
   0.793994E+02  -0.408181E-02  -0.328342E+00  -0.326672E-01  -0.937329E-01
   0.794994E+02  -0.599882E-02  -0.333361E+00  -0.311297E-01  -0.963214E-01
   0.795994E+02  -0.859694E-02  -0.337124E+00  -0.296156E-01  -0.980613E-01
   0.796994E+02  -0.128409E-01  -0.339021E+00  -0.281872E-01  -0.984444E-01
   0.797994E+02  -0.184379E-01  -0.339020E+00  -0.270840E-01  -0.981315E-01
   0.798994E+02  -0.250813E-01  -0.336717E+00  -0.265096E-01  -0.946885E-01
   0.799994E+02  -0.326274E-01  -0.332166E+00  -0.244643E-01  -0.920450E-01
   0.800993E+02  -0.410460E-01  -0.325399E+00  -0.228343E-01  -0.885405E-01
   0.801993E+02  -0.505052E-01  -0.316594E+00  -0.209793E-01  -0.850222E-01
   0.802993E+02  -0.606600E-01  -0.305903E+00  -0.198997E-01  -0.813677E-01
   0.803993E+02  -0.713953E-01  -0.293260E+00  -0.195024E-01  -0.767557E-01
   0.804993E+02  -0.829075E-01  -0.278921E+00  -0.197573E-01  -0.716295E-01
   0.805993E+02  -0.949453E-01  -0.262507E+00  -0.200155E-01  -0.666652E-01
   0.806993E+02  -0.107401E+00  -0.244729E+00  -0.206078E-01  -0.618901E-01
   0.807993E+02  -0.120138E+00  -0.225745E+00  -0.211424E-01  -0.579448E-01
   0.808993E+02  -0.133241E+00  -0.205871E+00  -0.224015E-01  -0.535459E-01
   0.809993E+02  -0.146303E+00  -0.185581E+00  -0.246188E-01  -0.491889E-01
   0.810993E+02  -0.159551E+00  -0.165136E+00  -0.277273E-01  -0.457305E-01
   0.811993E+02  -0.172720E+00  -0.145088E+00  -0.305805E-01  -0.419492E-01
   0.812993E+02  -0.185835E+00  -0.125276E+00  -0.348911E-01  -0.401765E-01
   0.813993E+02  -0.198808E+00  -0.106497E+00  -0.401887E-01  -0.370265E-01
   0.814993E+02  -0.211910E+00  -0.886651E-01  -0.453802E-01  -0.355705E-01
   0.815993E+02  -0.225150E+00  -0.728948E-01  -0.507841E-01  -0.361124E-01
   0.816993E+02  -0.238263E+00  -0.587954E-01  -0.559439E-01  -0.371911E-01
   0.817993E+02  -0.251279E+00  -0.462855E-01  -0.606188E-01  -0.374426E-01
   0.818993E+02  -0.263945E+00  -0.356877E-01  -0.657998E-01  -0.381459E-01
   0.819993E+02  -0.275766E+00  -0.263652E-01  -0.708488E-01  -0.379206E-01
   0.820993E+02  -0.286946E+00  -0.188187E-01  -0.759291E-01  -0.370023E-01
   0.821993E+02  -0.297626E+00  -0.126497E-01  -0.806496E-01  -0.377070E-01
   0.822993E+02  -0.307243E+00  -0.824462E-02  -0.838821E-01  -0.355633E-01
   0.823993E+02  -0.315913E+00  -0.537908E-02  -0.880026E-01  -0.353795E-01
   0.824993E+02  -0.323453E+00  -0.415910E-02  -0.914891E-01  -0.340023E-01
   0.825993E+02  -0.329742E+00  -0.454918E-02  -0.944153E-01  -0.323687E-01
   0.826993E+02  -0.334612E+00  -0.630195E-02  -0.969770E-01  -0.306286E-01
   0.827993E+02  -0.337757E+00  -0.957943E-02  -0.984486E-01  -0.296608E-01
   0.828993E+02  -0.339142E+00  -0.142565E-01  -0.982287E-01  -0.277433E-01
   0.829993E+02  -0.338627E+00  -0.200397E-01  -0.968347E-01  -0.269898E-01
   0.830993E+02  -0.335652E+00  -0.270254E-01  -0.943456E-01  -0.257479E-01
   0.831993E+02  -0.330468E+00  -0.347966E-01  -0.912132E-01  -0.240953E-01
   0.832993E+02  -0.323157E+00  -0.435044E-01  -0.875007E-01  -0.224498E-01
   0.833993E+02  -0.313878E+00  -0.531638E-01  -0.841457E-01  -0.205088E-01
   0.834993E+02  -0.302609E+00  -0.634551E-01  -0.801593E-01  -0.197120E-01
   0.835993E+02  -0.289509E+00  -0.745403E-01  -0.756406E-01  -0.199305E-01
   0.836993E+02  -0.274485E+00  -0.861012E-01  -0.697428E-01  -0.195115E-01
   0.837993E+02  -0.257722E+00  -0.983096E-01  -0.653872E-01  -0.201626E-01
   0.838993E+02  -0.239584E+00  -0.110835E+00  -0.606950E-01  -0.208130E-01
   0.839993E+02  -0.220299E+00  -0.123655E+00  -0.568117E-01  -0.214036E-01
   0.840993E+02  -0.200359E+00  -0.136772E+00  -0.524284E-01  -0.230325E-01
   0.841993E+02  -0.179775E+00  -0.149966E+00  -0.478444E-01  -0.251551E-01
   0.842993E+02  -0.159478E+00  -0.163149E+00  -0.444250E-01  -0.284793E-01
   0.843993E+02  -0.139505E+00  -0.176330E+00  -0.417361E-01  -0.319104E-01
   0.844993E+02  -0.119903E+00  -0.189346E+00  -0.393436E-01  -0.362362E-01
   0.845993E+02  -0.101362E+00  -0.202339E+00  -0.363610E-01  -0.416269E-01
   0.846993E+02  -0.840920E-01  -0.215517E+00  -0.356557E-01  -0.468537E-01
   0.847993E+02  -0.687261E-01  -0.228799E+00  -0.370885E-01  -0.524904E-01
   0.848993E+02  -0.551287E-01  -0.241762E+00  -0.363241E-01  -0.567768E-01
   0.849993E+02  -0.430306E-01  -0.254838E+00  -0.378750E-01  -0.621149E-01
   0.850993E+02  -0.328877E-01  -0.267231E+00  -0.382519E-01  -0.672871E-01
   0.851993E+02  -0.239759E-01  -0.278946E+00  -0.374135E-01  -0.722272E-01
   0.852993E+02  -0.168901E-01  -0.289932E+00  -0.372040E-01  -0.772149E-01
   0.853993E+02  -0.112424E-01  -0.300350E+00  -0.367948E-01  -0.815331E-01
   0.854993E+02  -0.720375E-02  -0.309760E+00  -0.372163E-01  -0.855310E-01
   0.855993E+02  -0.478609E-02  -0.318064E+00  -0.341687E-01  -0.885920E-01
   0.856993E+02  -0.407549E-02  -0.325365E+00  -0.334348E-01  -0.924783E-01
   0.857993E+02  -0.483811E-02  -0.331195E+00  -0.317775E-01  -0.952072E-01
   0.858993E+02  -0.700128E-02  -0.335660E+00  -0.301651E-01  -0.974404E-01
   0.859993E+02  -0.106651E-01  -0.338341E+00  -0.291403E-01  -0.985300E-01
   0.860993E+02  -0.156868E-01  -0.339201E+00  -0.276989E-01  -0.980124E-01
   0.861993E+02  -0.218984E-01  -0.337965E+00  -0.266981E-01  -0.962906E-01
   0.862993E+02  -0.290463E-01  -0.334420E+00  -0.250267E-01  -0.944608E-01
   0.863993E+02  -0.371199E-01  -0.328569E+00  -0.239380E-01  -0.898076E-01
   0.864993E+02  -0.460822E-01  -0.320794E+00  -0.218599E-01  -0.863325E-01
   0.865993E+02  -0.559840E-01  -0.310923E+00  -0.204493E-01  -0.833154E-01
   0.866992E+02  -0.663829E-01  -0.299172E+00  -0.192597E-01  -0.785444E-01
   0.867992E+02  -0.777315E-01  -0.285438E+00  -0.197081E-01  -0.739102E-01
   0.868992E+02  -0.894716E-01  -0.269984E+00  -0.200478E-01  -0.689184E-01
   0.869992E+02  -0.101665E+00  -0.252818E+00  -0.202208E-01  -0.637611E-01
   0.870992E+02  -0.114416E+00  -0.234258E+00  -0.210133E-01  -0.595847E-01
   0.871992E+02  -0.127247E+00  -0.214757E+00  -0.216333E-01  -0.557081E-01
   0.872992E+02  -0.140419E+00  -0.194594E+00  -0.236170E-01  -0.510119E-01
   0.873992E+02  -0.153559E+00  -0.174128E+00  -0.261805E-01  -0.469618E-01
   0.874992E+02  -0.166826E+00  -0.153865E+00  -0.292854E-01  -0.437011E-01
   0.875992E+02  -0.179975E+00  -0.133845E+00  -0.330119E-01  -0.411121E-01
   0.876992E+02  -0.192946E+00  -0.114588E+00  -0.377596E-01  -0.383415E-01
   0.877992E+02  -0.205963E+00  -0.962609E-01  -0.430788E-01  -0.358954E-01
   0.878992E+02  -0.219227E+00  -0.795502E-01  -0.483846E-01  -0.358361E-01
   0.879992E+02  -0.232392E+00  -0.647655E-01  -0.534917E-01  -0.366644E-01
   0.880992E+02  -0.245469E+00  -0.514303E-01  -0.585584E-01  -0.373371E-01
   0.881992E+02  -0.258406E+00  -0.399596E-01  -0.635630E-01  -0.381552E-01
   0.882992E+02  -0.270558E+00  -0.302646E-01  -0.684738E-01  -0.381408E-01
   0.883992E+02  -0.282023E+00  -0.218253E-01  -0.736189E-01  -0.372731E-01
   0.884992E+02  -0.292933E+00  -0.150267E-01  -0.785216E-01  -0.368124E-01
   0.885992E+02  -0.303070E+00  -0.989560E-02  -0.825425E-01  -0.367241E-01
   0.886992E+02  -0.312138E+00  -0.634657E-02  -0.863455E-01  -0.360223E-01
   0.887992E+02  -0.320179E+00  -0.439724E-02  -0.899658E-01  -0.346476E-01
   0.888992E+02  -0.327094E+00  -0.411869E-02  -0.932351E-01  -0.330832E-01
   0.889992E+02  -0.332652E+00  -0.510997E-02  -0.959745E-01  -0.314293E-01
   0.899897E+02  -0.290840E+00  -0.644505E-01  -0.756779E-01  -0.180956E-01
   0.909802E+02  -0.148004E+00  -0.168263E+00  -0.399581E-01  -0.341939E-01
   0.919707E+02  -0.449278E-01  -0.273975E+00  -0.367860E-01  -0.640142E-01
   0.929613E+02  -0.268119E-01  -0.318960E+00  -0.280601E-01  -0.561769E-01
   0.939518E+02  -0.782631E-01  -0.261326E+00  -0.970495E-02  -0.258302E-01
   0.949423E+02  -0.176919E+00  -0.145729E+00  -0.249467E-01  -0.143879E-01
   0.959328E+02  -0.278707E+00  -0.624646E-01  -0.570017E-01  -0.168388E-01
   0.969233E+02  -0.320677E+00  -0.488073E-01  -0.541522E-01  -0.765596E-02
   0.979138E+02  -0.266679E+00  -0.997281E-01  -0.227341E-01   0.666782E-02
   0.989043E+02  -0.159441E+00  -0.194350E+00   0.226159E-02  -0.117831E-01
   0.998948E+02  -0.790752E-01  -0.289644E+00   0.115939E-01  -0.406229E-01
   0.100885E+03  -0.627838E-01  -0.325853E+00   0.166153E-01  -0.414446E-01
   0.101876E+03  -0.109513E+00  -0.272021E+00   0.138686E-01  -0.181616E-01
   0.102866E+03  -0.199722E+00  -0.168155E+00  -0.143160E-01   0.415754E-02
   0.103857E+03  -0.290693E+00  -0.883196E-01  -0.438065E-01   0.147993E-01
   0.104847E+03  -0.325649E+00  -0.694257E-01  -0.452934E-01   0.217032E-01
   0.890992E+02  -0.336556E+00  -0.772353E-02  -0.977500E-01  -0.297747E-01
   0.891992E+02  -0.338706E+00  -0.121005E-01  -0.985133E-01  -0.284674E-01
   0.892992E+02  -0.339058E+00  -0.173541E-01  -0.979917E-01  -0.283095E-01
   0.893992E+02  -0.337196E+00  -0.237277E-01  -0.952816E-01  -0.258365E-01
   0.894992E+02  -0.333025E+00  -0.311738E-01  -0.926981E-01  -0.247960E-01
   0.895992E+02  -0.326594E+00  -0.395261E-01  -0.891649E-01  -0.233058E-01
   0.896992E+02  -0.318140E+00  -0.487635E-01  -0.854800E-01  -0.213190E-01
   0.897992E+02  -0.307816E+00  -0.587675E-01  -0.821903E-01  -0.201652E-01
   0.898992E+02  -0.295501E+00  -0.694457E-01  -0.776114E-01  -0.192496E-01
   0.899992E+02  -0.281294E+00  -0.809118E-01  -0.722464E-01  -0.200315E-01
   0.900992E+02  -0.265231E+00  -0.928791E-01  -0.674229E-01  -0.200334E-01
   0.901992E+02  -0.247752E+00  -0.105184E+00  -0.626564E-01  -0.205387E-01
   0.902992E+02  -0.228803E+00  -0.117965E+00  -0.585329E-01  -0.210743E-01
   0.903992E+02  -0.209155E+00  -0.130956E+00  -0.544577E-01  -0.222718E-01
   0.904992E+02  -0.188797E+00  -0.144091E+00  -0.495985E-01  -0.241393E-01
   0.905992E+02  -0.168312E+00  -0.157335E+00  -0.464452E-01  -0.274780E-01
   0.906992E+02  -0.148304E+00  -0.170387E+00  -0.424462E-01  -0.296586E-01
   0.907992E+02  -0.128312E+00  -0.183640E+00  -0.403411E-01  -0.343678E-01
   0.908992E+02  -0.109237E+00  -0.196650E+00  -0.374838E-01  -0.393147E-01
   0.909992E+02  -0.913355E-01  -0.209648E+00  -0.358142E-01  -0.444582E-01
   0.910982E+02  -0.754011E-01  -0.222767E+00  -0.359650E-01  -0.498585E-01
   0.911973E+02  -0.610438E-01  -0.235861E+00  -0.368823E-01  -0.549533E-01
   0.912963E+02  -0.483952E-01  -0.248739E+00  -0.375966E-01  -0.597298E-01
   0.913954E+02  -0.373787E-01  -0.261444E+00  -0.378965E-01  -0.648817E-01
   0.914944E+02  -0.281057E-01  -0.273218E+00  -0.385112E-01  -0.695237E-01
   0.915935E+02  -0.201987E-01  -0.284480E+00  -0.369978E-01  -0.748405E-01
   0.916926E+02  -0.137109E-01  -0.295216E+00  -0.368051E-01  -0.794330E-01
   0.917916E+02  -0.902783E-02  -0.305002E+00  -0.366868E-01  -0.833389E-01
   0.918907E+02  -0.575589E-02  -0.313815E+00  -0.358046E-01  -0.870324E-01
   0.919897E+02  -0.432317E-02  -0.321466E+00  -0.343835E-01  -0.905995E-01
   0.920888E+02  -0.388962E-02  -0.328285E+00  -0.327772E-01  -0.936830E-01
   0.921878E+02  -0.579209E-02  -0.333263E+00  -0.311260E-01  -0.963283E-01
   0.922869E+02  -0.838657E-02  -0.336999E+00  -0.297096E-01  -0.980194E-01
   0.923859E+02  -0.125964E-01  -0.338915E+00  -0.282914E-01  -0.984126E-01
   0.924850E+02  -0.181215E-01  -0.338967E+00  -0.270460E-01  -0.984412E-01
   0.925840E+02  -0.246827E-01  -0.336759E+00  -0.268141E-01  -0.944888E-01
   0.820993E+02  -0.286946E+00  -0.188187E-01  -0.759291E-01  -0.370023E-01
   0.821993E+02  -0.297626E+00  -0.126497E-01  -0.806496E-01  -0.377070E-01
   0.822993E+02  -0.307243E+00  -0.824462E-02  -0.838821E-01  -0.355633E-01
   0.823993E+02  -0.315913E+00  -0.537908E-02  -0.880026E-01  -0.353795E-01
   0.824993E+02  -0.323453E+00  -0.415910E-02  -0.914891E-01  -0.340023E-01
   0.825993E+02  -0.329742E+00  -0.454918E-02  -0.944153E-01  -0.323687E-01
   0.826993E+02  -0.334612E+00  -0.630195E-02  -0.969770E-01  -0.306286E-01
   0.827993E+02  -0.337757E+00  -0.957943E-02  -0.984486E-01  -0.296608E-01
   0.828993E+02  -0.339142E+00  -0.142565E-01  -0.982287E-01  -0.277433E-01
   0.829993E+02  -0.338627E+00  -0.200397E-01  -0.968347E-01  -0.269898E-01
   0.830993E+02  -0.335652E+00  -0.270254E-01  -0.943456E-01  -0.257479E-01
   0.831993E+02  -0.330468E+00  -0.347966E-01  -0.912132E-01  -0.240953E-01
   0.832993E+02  -0.323157E+00  -0.435044E-01  -0.875007E-01  -0.224498E-01
   0.833993E+02  -0.313878E+00  -0.531638E-01  -0.841457E-01  -0.205088E-01
   0.834993E+02  -0.302609E+00  -0.634551E-01  -0.801593E-01  -0.197120E-01
   0.835993E+02  -0.289509E+00  -0.745403E-01  -0.756406E-01  -0.199305E-01
   0.836993E+02  -0.274485E+00  -0.861012E-01  -0.697428E-01  -0.195115E-01
   0.837993E+02  -0.257722E+00  -0.983096E-01  -0.653872E-01  -0.201626E-01
   0.838993E+02  -0.239584E+00  -0.110835E+00  -0.606950E-01  -0.208130E-01
   0.839993E+02  -0.220299E+00  -0.123655E+00  -0.568117E-01  -0.214036E-01
   0.840993E+02  -0.200359E+00  -0.136772E+00  -0.524284E-01  -0.230325E-01
   0.841993E+02  -0.179775E+00  -0.149966E+00  -0.478444E-01  -0.251551E-01
   0.842993E+02  -0.159478E+00  -0.163149E+00  -0.444250E-01  -0.284793E-01
   0.843993E+02  -0.139505E+00  -0.176330E+00  -0.417361E-01  -0.319104E-01
   0.844993E+02  -0.119903E+00  -0.189346E+00  -0.393436E-01  -0.362362E-01
   0.845993E+02  -0.101362E+00  -0.202339E+00  -0.363610E-01  -0.416269E-01
   0.846993E+02  -0.840920E-01  -0.215517E+00  -0.356557E-01  -0.468537E-01
   0.847993E+02  -0.687261E-01  -0.228799E+00  -0.370885E-01  -0.524904E-01
   0.848993E+02  -0.551287E-01  -0.241762E+00  -0.363241E-01  -0.567768E-01
   0.849993E+02  -0.430306E-01  -0.254838E+00  -0.378750E-01  -0.621149E-01
   0.850993E+02  -0.328877E-01  -0.267231E+00  -0.382519E-01  -0.672871E-01
   0.851993E+02  -0.239759E-01  -0.278946E+00  -0.374135E-01  -0.722272E-01
   0.852993E+02  -0.168901E-01  -0.289932E+00  -0.372040E-01  -0.772149E-01
   0.853993E+02  -0.112424E-01  -0.300350E+00  -0.367948E-01  -0.815331E-01
   0.854993E+02  -0.720375E-02  -0.309760E+00  -0.372163E-01  -0.855310E-01
   0.855993E+02  -0.478609E-02  -0.318064E+00  -0.341687E-01  -0.885920E-01
   0.856993E+02  -0.407549E-02  -0.325365E+00  -0.334348E-01  -0.924783E-01
   0.857993E+02  -0.483811E-02  -0.331195E+00  -0.317775E-01  -0.952072E-01
   0.858993E+02  -0.700128E-02  -0.335660E+00  -0.301651E-01  -0.974404E-01
   0.859993E+02  -0.106651E-01  -0.338341E+00  -0.291403E-01  -0.985300E-01
   0.860993E+02  -0.156868E-01  -0.339201E+00  -0.276989E-01  -0.980124E-01
   0.861993E+02  -0.218984E-01  -0.337965E+00  -0.266981E-01  -0.962906E-01
   0.862993E+02  -0.290463E-01  -0.334420E+00  -0.250267E-01  -0.944608E-01
   0.863993E+02  -0.371199E-01  -0.328569E+00  -0.239380E-01  -0.898076E-01
   0.864993E+02  -0.460822E-01  -0.320794E+00  -0.218599E-01  -0.863325E-01
   0.865993E+02  -0.559840E-01  -0.310923E+00  -0.204493E-01  -0.833154E-01
   0.866992E+02  -0.663829E-01  -0.299172E+00  -0.192597E-01  -0.785444E-01
   0.867992E+02  -0.777315E-01  -0.285438E+00  -0.197081E-01  -0.739102E-01
   0.868992E+02  -0.894716E-01  -0.269984E+00  -0.200478E-01  -0.689184E-01
   0.869992E+02  -0.101665E+00  -0.252818E+00  -0.202208E-01  -0.637611E-01
   0.870992E+02  -0.114416E+00  -0.234258E+00  -0.210133E-01  -0.595847E-01
   0.871992E+02  -0.127247E+00  -0.214757E+00  -0.216333E-01  -0.557081E-01
   0.872992E+02  -0.140419E+00  -0.194594E+00  -0.236170E-01  -0.510119E-01
   0.873992E+02  -0.153559E+00  -0.174128E+00  -0.261805E-01  -0.469618E-01
   0.874992E+02  -0.166826E+00  -0.153865E+00  -0.292854E-01  -0.437011E-01
   0.875992E+02  -0.179975E+00  -0.133845E+00  -0.330119E-01  -0.411121E-01
   0.876992E+02  -0.192946E+00  -0.114588E+00  -0.377596E-01  -0.383415E-01
   0.877992E+02  -0.205963E+00  -0.962609E-01  -0.430788E-01  -0.358954E-01
   0.878992E+02  -0.219227E+00  -0.795502E-01  -0.483846E-01  -0.358361E-01
   0.879992E+02  -0.232392E+00  -0.647655E-01  -0.534917E-01  -0.366644E-01
   0.880992E+02  -0.245469E+00  -0.514303E-01  -0.585584E-01  -0.373371E-01
   0.881992E+02  -0.258406E+00  -0.399596E-01  -0.635630E-01  -0.381552E-01
   0.882992E+02  -0.270558E+00  -0.302646E-01  -0.684738E-01  -0.381408E-01
   0.883992E+02  -0.282023E+00  -0.218253E-01  -0.736189E-01  -0.372731E-01
   0.884992E+02  -0.292933E+00  -0.150267E-01  -0.785216E-01  -0.368124E-01
   0.885992E+02  -0.303070E+00  -0.989560E-02  -0.825425E-01  -0.367241E-01
   0.886992E+02  -0.312138E+00  -0.634657E-02  -0.863455E-01  -0.360223E-01
   0.887992E+02  -0.320179E+00  -0.439724E-02  -0.899658E-01  -0.346476E-01
   0.888992E+02  -0.327094E+00  -0.411869E-02  -0.932351E-01  -0.330832E-01
   0.889992E+02  -0.332652E+00  -0.510997E-02  -0.959745E-01  -0.314293E-01
   0.890992E+02  -0.336556E+00  -0.772353E-02  -0.977500E-01  -0.297747E-01
   0.891992E+02  -0.338706E+00  -0.121005E-01  -0.985133E-01  -0.284674E-01
   0.892992E+02  -0.339058E+00  -0.173541E-01  -0.979917E-01  -0.283095E-01
   0.893992E+02  -0.337196E+00  -0.237277E-01  -0.952816E-01  -0.258365E-01
   0.894992E+02  -0.333025E+00  -0.311738E-01  -0.926981E-01  -0.247960E-01
   0.895992E+02  -0.326594E+00  -0.395261E-01  -0.891649E-01  -0.233058E-01
   0.896992E+02  -0.318140E+00  -0.487635E-01  -0.854800E-01  -0.213190E-01
   0.897992E+02  -0.307816E+00  -0.587675E-01  -0.821903E-01  -0.201652E-01
   0.898992E+02  -0.295501E+00  -0.694457E-01  -0.776114E-01  -0.192496E-01
   0.899992E+02  -0.281294E+00  -0.809118E-01  -0.722464E-01  -0.200315E-01
   0.900992E+02  -0.265231E+00  -0.928791E-01  -0.674229E-01  -0.200334E-01
   0.901992E+02  -0.247752E+00  -0.105184E+00  -0.626564E-01  -0.205387E-01
   0.902992E+02  -0.228803E+00  -0.117965E+00  -0.585329E-01  -0.210743E-01
   0.903992E+02  -0.209155E+00  -0.130956E+00  -0.544577E-01  -0.222718E-01
   0.904992E+02  -0.188797E+00  -0.144091E+00  -0.495985E-01  -0.241393E-01
   0.905992E+02  -0.168312E+00  -0.157335E+00  -0.464452E-01  -0.274780E-01
   0.906992E+02  -0.148304E+00  -0.170387E+00  -0.424462E-01  -0.296586E-01
   0.907992E+02  -0.128312E+00  -0.183640E+00  -0.403411E-01  -0.343678E-01
   0.908992E+02  -0.109237E+00  -0.196650E+00  -0.374838E-01  -0.393147E-01
   0.909992E+02  -0.913355E-01  -0.209648E+00  -0.358142E-01  -0.444582E-01
   0.910992E+02  -0.752482E-01  -0.222899E+00  -0.359856E-01  -0.499322E-01
   0.911992E+02  -0.608070E-01  -0.236093E+00  -0.369013E-01  -0.550277E-01
   0.912992E+02  -0.480419E-01  -0.249110E+00  -0.376110E-01  -0.598918E-01
   0.913992E+02  -0.369857E-01  -0.261924E+00  -0.378373E-01  -0.651548E-01
   0.914992E+02  -0.277056E-01  -0.273739E+00  -0.385236E-01  -0.696064E-01
   0.915992E+02  -0.197584E-01  -0.285125E+00  -0.369949E-01  -0.751884E-01
   0.916992E+02  -0.133990E-01  -0.295875E+00  -0.367276E-01  -0.796841E-01
   0.917992E+02  -0.869020E-02  -0.305719E+00  -0.367305E-01  -0.836599E-01
   0.918992E+02  -0.537727E-02  -0.314541E+00  -0.356705E-01  -0.873451E-01
   0.919992E+02  -0.425487E-02  -0.322178E+00  -0.342477E-01  -0.908944E-01
   0.920982E+02  -0.431823E-02  -0.328717E+00  -0.326724E-01  -0.939170E-01
   0.921973E+02  -0.576973E-02  -0.333768E+00  -0.309506E-01  -0.965537E-01
   0.922963E+02  -0.879449E-02  -0.337222E+00  -0.296093E-01  -0.981060E-01
   0.923954E+02  -0.130225E-01  -0.339002E+00  -0.282097E-01  -0.983496E-01
   0.924944E+02  -0.187166E-01  -0.338854E+00  -0.274249E-01  -0.972571E-01
   0.925935E+02  -0.253481E-01  -0.336455E+00  -0.261071E-01  -0.949847E-01
   0.926925E+02  -0.328743E-01  -0.331807E+00  -0.245083E-01  -0.919187E-01
   0.927916E+02  -0.412876E-01  -0.325021E+00  -0.228762E-01  -0.883467E-01
   0.928906E+02  -0.506792E-01  -0.316238E+00  -0.209935E-01  -0.848779E-01
   0.929897E+02  -0.607590E-01  -0.305593E+00  -0.199545E-01  -0.812348E-01
   0.930887E+02  -0.714190E-01  -0.293053E+00  -0.195836E-01  -0.766281E-01
   0.931878E+02  -0.828617E-01  -0.278781E+00  -0.198310E-01  -0.715659E-01
   0.932868E+02  -0.947614E-01  -0.262546E+00  -0.200686E-01  -0.666495E-01
   0.933859E+02  -0.107113E+00  -0.244928E+00  -0.206622E-01  -0.619263E-01
   0.934850E+02  -0.119738E+00  -0.226103E+00  -0.211830E-01  -0.579989E-01
   0.935840E+02  -0.132707E+00  -0.206450E+00  -0.224132E-01  -0.536568E-01
   0.936831E+02  -0.145602E+00  -0.186364E+00  -0.245136E-01  -0.493599E-01
   0.937821E+02  -0.158807E+00  -0.165985E+00  -0.276960E-01  -0.459710E-01
   0.938812E+02  -0.171827E+00  -0.146151E+00  -0.302940E-01  -0.421267E-01
   0.939802E+02  -0.184794E+00  -0.126500E+00  -0.345758E-01  -0.401548E-01
   0.940793E+02  -0.197708E+00  -0.107709E+00  -0.397908E-01  -0.373171E-01
   0.941783E+02  -0.210640E+00  -0.900031E-01  -0.449113E-01  -0.356149E-01
   0.942774E+02  -0.223780E+00  -0.741543E-01  -0.503273E-01  -0.360214E-01
   0.943764E+02  -0.236734E+00  -0.600848E-01  -0.552889E-01  -0.371004E-01
   0.944755E+02  -0.249711E+00  -0.474132E-01  -0.600994E-01  -0.375017E-01
   0.945745E+02  -0.262353E+00  -0.365768E-01  -0.653988E-01  -0.380530E-01
   0.946736E+02  -0.274052E+00  -0.274338E-01  -0.697893E-01  -0.382115E-01
   0.947726E+02  -0.285306E+00  -0.195917E-01  -0.752933E-01  -0.370583E-01
   0.948717E+02  -0.295945E+00  -0.133253E-01  -0.797560E-01  -0.368141E-01
   0.949707E+02  -0.305709E+00  -0.865682E-02  -0.836357E-01  -0.366140E-01
   0.950698E+02  -0.314447E+00  -0.539143E-02  -0.873321E-01  -0.356807E-01
   0.951688E+02  -0.322027E+00  -0.426072E-02  -0.908573E-01  -0.342653E-01
   0.952679E+02  -0.328611E+00  -0.421701E-02  -0.938834E-01  -0.326851E-01
   0.953670E+02  -0.333662E+00  -0.574976E-02  -0.965380E-01  -0.309684E-01
   0.954660E+02  -0.337170E+00  -0.869844E-02  -0.981216E-01  -0.296252E-01
   0.955651E+02  -0.338981E+00  -0.129149E-01  -0.983889E-01  -0.282071E-01
   0.956641E+02  -0.338869E+00  -0.185864E-01  -0.974067E-01  -0.274010E-01
   0.957632E+02  -0.336517E+00  -0.251963E-01  -0.950027E-01  -0.261783E-01
   0.958622E+02  -0.331913E+00  -0.327121E-01  -0.919921E-01  -0.245211E-01
   0.959613E+02  -0.325167E+00  -0.411066E-01  -0.884497E-01  -0.229089E-01
   0.960603E+02  -0.316413E+00  -0.504843E-01  -0.849635E-01  -0.210245E-01
   0.961594E+02  -0.305803E+00  -0.605605E-01  -0.813341E-01  -0.199776E-01
   0.962584E+02  -0.293301E+00  -0.711995E-01  -0.767566E-01  -0.195735E-01
   0.963575E+02  -0.279093E+00  -0.825993E-01  -0.716825E-01  -0.198227E-01
   0.964565E+02  -0.262850E+00  -0.945379E-01  -0.667614E-01  -0.200767E-01
   0.965556E+02  -0.245265E+00  -0.106869E+00  -0.620230E-01  -0.206485E-01
   0.966546E+02  -0.226446E+00  -0.119494E+00  -0.580740E-01  -0.211610E-01
   0.967537E+02  -0.206843E+00  -0.132436E+00  -0.537858E-01  -0.223995E-01
