   0.100000E+00   0.958378E+00   0.957522E+00   0.994603E+00   0.992495E+00
   0.200000E+00   0.954460E+00   0.954246E+00   0.994285E+00   0.992180E+00
   0.300000E+00   0.950790E+00   0.951180E+00   0.993797E+00   0.991651E+00
   0.400000E+00   0.947788E+00   0.948819E+00   0.993605E+00   0.991421E+00
   0.500000E+00   0.944752E+00   0.946525E+00   0.993396E+00   0.991175E+00
   0.600000E+00   0.941595E+00   0.944235E+00   0.993178E+00   0.990915E+00
   0.700000E+00   0.938317E+00   0.941969E+00   0.992959E+00   0.990655E+00
   0.800000E+00   0.934909E+00   0.939735E+00   0.992733E+00   0.990387E+00
   0.900000E+00   0.931377E+00   0.937558E+00   0.992497E+00   0.990108E+00
   0.100000E+01   0.927741E+00   0.935476E+00   0.992251E+00   0.989819E+00
   0.110000E+01   0.924032E+00   0.933531E+00   0.991995E+00   0.989521E+00
   0.120000E+01   0.920286E+00   0.931771E+00   0.991730E+00   0.989213E+00
   0.130000E+01   0.916547E+00   0.930246E+00   0.991455E+00   0.988895E+00
   0.140000E+01   0.912866E+00   0.929009E+00   0.991171E+00   0.988568E+00
   0.150000E+01   0.909302E+00   0.928113E+00   0.990882E+00   0.988237E+00
   0.160000E+01   0.905902E+00   0.927600E+00   0.990587E+00   0.987898E+00
   0.170000E+01   0.902715E+00   0.927507E+00   0.990284E+00   0.987553E+00
   0.180000E+01   0.899779E+00   0.927870E+00   0.989976E+00   0.987202E+00
   0.190000E+01   0.897118E+00   0.928713E+00   0.989662E+00   0.986846E+00
   0.200000E+01   0.894752E+00   0.930051E+00   0.989342E+00   0.986483E+00
   0.210000E+01   0.892688E+00   0.931880E+00   0.989017E+00   0.986114E+00
   0.220000E+01   0.890923E+00   0.934170E+00   0.988685E+00   0.985740E+00
   0.230000E+01   0.889440E+00   0.936884E+00   0.988348E+00   0.985360E+00
   0.240000E+01   0.888211E+00   0.940006E+00   0.988004E+00   0.984973E+00
   0.250000E+01   0.887199E+00   0.943480E+00   0.987653E+00   0.984580E+00
   0.260000E+01   0.886350E+00   0.947304E+00   0.987295E+00   0.984180E+00
   0.270000E+01   0.885609E+00   0.951447E+00   0.986929E+00   0.983774E+00
   0.280000E+01   0.884925E+00   0.955848E+00   0.986556E+00   0.983360E+00
   0.290000E+01   0.884254E+00   0.960450E+00   0.986173E+00   0.982939E+00
   0.300000E+01   0.883543E+00   0.965205E+00   0.985781E+00   0.982509E+00
   0.310000E+01   0.882723E+00   0.970053E+00   0.985380E+00   0.982072E+00
   0.320000E+01   0.881738E+00   0.974940E+00   0.984968E+00   0.981627E+00
   0.330000E+01   0.880554E+00   0.979840E+00   0.984545E+00   0.981174E+00
   0.340000E+01   0.879147E+00   0.984737E+00   0.984110E+00   0.980712E+00
   0.350000E+01   0.877503E+00   0.989605E+00   0.983662E+00   0.980242E+00
   0.360000E+01   0.875623E+00   0.994416E+00   0.983200E+00   0.979762E+00
   0.370000E+01   0.873519E+00   0.999142E+00   0.982722E+00   0.979272E+00
   0.380000E+01   0.871207E+00   0.100376E+01   0.982228E+00   0.978773E+00
   0.390000E+01   0.868688E+00   0.100817E+01   0.981715E+00   0.978262E+00
   0.400000E+01   0.865969E+00   0.101237E+01   0.981182E+00   0.977742E+00
   0.410000E+01   0.863066E+00   0.101637E+01   0.980628E+00   0.977211E+00
   0.420000E+01   0.859991E+00   0.102021E+01   0.980050E+00   0.976669E+00
   0.430000E+01   0.856766E+00   0.102394E+01   0.979445E+00   0.976116E+00
   0.440000E+01   0.853395E+00   0.102754E+01   0.978810E+00   0.975553E+00
   0.450000E+01   0.849877E+00   0.103096E+01   0.978142E+00   0.974981E+00
   0.460000E+01   0.846232E+00   0.103417E+01   0.977438E+00   0.974399E+00
   0.470000E+01   0.842485E+00   0.103716E+01   0.976694E+00   0.973809E+00
   0.480000E+01   0.838671E+00   0.103996E+01   0.975903E+00   0.973211E+00
   0.490000E+01   0.834800E+00   0.104260E+01   0.975062E+00   0.972606E+00
   0.500000E+01   0.830879E+00   0.104509E+01   0.974165E+00   0.971995E+00
   0.510000E+01   0.826932E+00   0.104742E+01   0.973205E+00   0.971379E+00
   0.520000E+01   0.822982E+00   0.104958E+01   0.972177E+00   0.970760E+00
   0.530000E+01   0.819044E+00   0.105149E+01   0.971072E+00   0.970140E+00
   0.540000E+01   0.815123E+00   0.105315E+01   0.969884E+00   0.969521E+00
   0.550000E+01   0.811241E+00   0.105455E+01   0.968604E+00   0.968904E+00
   0.560000E+01   0.807392E+00   0.105570E+01   0.967225E+00   0.968292E+00
   0.570000E+01   0.803584E+00   0.105658E+01   0.965739E+00   0.967688E+00
   0.580000E+01   0.799821E+00   0.105723E+01   0.964138E+00   0.967094E+00
   0.590000E+01   0.796111E+00   0.105766E+01   0.962413E+00   0.966515E+00
   0.600000E+01   0.792474E+00   0.105786E+01   0.960559E+00   0.965951E+00
   0.610000E+01   0.788932E+00   0.105778E+01   0.958567E+00   0.965407E+00
   0.620000E+01   0.785487E+00   0.105738E+01   0.956433E+00   0.964884E+00
   0.630000E+01   0.782136E+00   0.105663E+01   0.954151E+00   0.964385E+00
   0.640000E+01   0.778856E+00   0.105552E+01   0.951715E+00   0.963911E+00
   0.650000E+01   0.775636E+00   0.105404E+01   0.949125E+00   0.963464E+00
   0.660000E+01   0.772484E+00   0.105216E+01   0.946377E+00   0.963046E+00
   0.670000E+01   0.769410E+00   0.104991E+01   0.943471E+00   0.962657E+00
   0.680000E+01   0.766423E+00   0.104732E+01   0.940409E+00   0.962296E+00
   0.690000E+01   0.763515E+00   0.104439E+01   0.937193E+00   0.961966E+00
   0.700000E+01   0.760704E+00   0.104113E+01   0.933826E+00   0.961663E+00
   0.710000E+01   0.757954E+00   0.103751E+01   0.930314E+00   0.961388E+00
   0.720000E+01   0.755240E+00   0.103353E+01   0.926663E+00   0.961141E+00
   0.730000E+01   0.752571E+00   0.102920E+01   0.922881E+00   0.960918E+00
   0.740000E+01   0.749937E+00   0.102459E+01   0.918979E+00   0.960719E+00
   0.750000E+01   0.747344E+00   0.101973E+01   0.914966E+00   0.960543E+00
   0.760000E+01   0.744799E+00   0.101463E+01   0.910852E+00   0.960386E+00
   0.770000E+01   0.742293E+00   0.100930E+01   0.906651E+00   0.960249E+00
   0.779999E+01   0.739816E+00   0.100375E+01   0.902371E+00   0.960129E+00
   0.789999E+01   0.737344E+00   0.997994E+00   0.898026E+00   0.960023E+00
   0.799999E+01   0.734866E+00   0.992056E+00   0.893626E+00   0.959932E+00
   0.809999E+01   0.732365E+00   0.985972E+00   0.889183E+00   0.959852E+00
   0.820000E+01   0.729836E+00   0.979785E+00   0.884705E+00   0.959782E+00
   0.830000E+01   0.727266E+00   0.973533E+00   0.880203E+00   0.959721E+00
   0.840000E+01   0.724655E+00   0.967241E+00   0.875685E+00   0.959668E+00
   0.850000E+01   0.721987E+00   0.960949E+00   0.871160E+00   0.959622E+00
   0.860000E+01   0.719252E+00   0.954671E+00   0.866635E+00   0.959582E+00
   0.870000E+01   0.716436E+00   0.948423E+00   0.862115E+00   0.959549E+00
   0.880000E+01   0.713527E+00   0.942224E+00   0.857608E+00   0.959522E+00
   0.890000E+01   0.710505E+00   0.936105E+00   0.853118E+00   0.959500E+00
   0.900000E+01   0.707375E+00   0.930082E+00   0.848651E+00   0.959485E+00
   0.910000E+01   0.704123E+00   0.924181E+00   0.844209E+00   0.959475E+00
   0.920000E+01   0.700748E+00   0.918429E+00   0.839796E+00   0.959473E+00
   0.930000E+01   0.697241E+00   0.912847E+00   0.835416E+00   0.959478E+00
   0.940000E+01   0.693600E+00   0.907452E+00   0.831072E+00   0.959491E+00
   0.950000E+01   0.689835E+00   0.902249E+00   0.826767E+00   0.959513E+00
   0.960000E+01   0.685946E+00   0.897243E+00   0.822503E+00   0.959543E+00
   0.970000E+01   0.681938E+00   0.892438E+00   0.818284E+00   0.959581E+00
   0.980000E+01   0.677821E+00   0.887832E+00   0.814112E+00   0.959630E+00
   0.990000E+01   0.673602E+00   0.883425E+00   0.809991E+00   0.959688E+00
   0.100000E+02   0.669293E+00   0.879216E+00   0.805923E+00   0.959756E+00
   0.101000E+02   0.664907E+00   0.875200E+00   0.801913E+00   0.959833E+00
   0.102000E+02   0.660464E+00   0.871366E+00   0.797962E+00   0.959919E+00
   0.103000E+02   0.655974E+00   0.867709E+00   0.794078E+00   0.960013E+00
   0.104000E+02   0.651451E+00   0.864216E+00   0.790263E+00   0.960114E+00
   0.105000E+02   0.646908E+00   0.860877E+00   0.786523E+00   0.960221E+00
   0.106000E+02   0.642368E+00   0.857677E+00   0.782863E+00   0.960332E+00
   0.107000E+02   0.637855E+00   0.854602E+00   0.779288E+00   0.960444E+00
   0.108000E+02   0.633380E+00   0.851636E+00   0.775806E+00   0.960556E+00
   0.109000E+02   0.628959E+00   0.848764E+00   0.772421E+00   0.960664E+00
   0.110000E+02   0.624625E+00   0.845961E+00   0.769143E+00   0.960763E+00
   0.111000E+02   0.620380E+00   0.843212E+00   0.765974E+00   0.960852E+00
   0.112000E+02   0.616264E+00   0.840491E+00   0.762925E+00   0.960927E+00
   0.113000E+02   0.612297E+00   0.837780E+00   0.760002E+00   0.960982E+00
   0.114000E+02   0.608502E+00   0.835051E+00   0.757210E+00   0.961012E+00
   0.115000E+02   0.604902E+00   0.832286E+00   0.754558E+00   0.961014E+00
   0.116000E+02   0.601535E+00   0.829455E+00   0.752051E+00   0.960982E+00
   0.117000E+02   0.598400E+00   0.826541E+00   0.749695E+00   0.960908E+00
   0.118000E+02   0.595533E+00   0.823521E+00   0.747497E+00   0.960789E+00
   0.119000E+02   0.592963E+00   0.820365E+00   0.745462E+00   0.960618E+00
   0.120000E+02   0.590703E+00   0.817056E+00   0.743595E+00   0.960387E+00
   0.121000E+02   0.588775E+00   0.813567E+00   0.741900E+00   0.960090E+00
   0.122000E+02   0.587208E+00   0.809876E+00   0.740382E+00   0.959720E+00
   0.123000E+02   0.585996E+00   0.805979E+00   0.739042E+00   0.959270E+00
   0.124000E+02   0.585182E+00   0.801842E+00   0.737884E+00   0.958736E+00
   0.125000E+02   0.584773E+00   0.797456E+00   0.736907E+00   0.958113E+00
   0.126000E+02   0.584776E+00   0.792804E+00   0.736113E+00   0.957395E+00
   0.127000E+02   0.585195E+00   0.787880E+00   0.735500E+00   0.956577E+00
   0.128000E+02   0.586041E+00   0.782672E+00   0.735068E+00   0.955656E+00
   0.129000E+02   0.587318E+00   0.777172E+00   0.734811E+00   0.954629E+00
   0.130000E+02   0.589011E+00   0.771387E+00   0.734715E+00   0.953493E+00
   0.131000E+02   0.591135E+00   0.765305E+00   0.734799E+00   0.952233E+00
   0.132000E+02   0.593660E+00   0.758941E+00   0.735043E+00   0.950848E+00
   0.133000E+02   0.596580E+00   0.752300E+00   0.735436E+00   0.949334E+00
   0.134000E+02   0.599891E+00   0.745393E+00   0.735969E+00   0.947686E+00
   0.135000E+02   0.603576E+00   0.738224E+00   0.736630E+00   0.945899E+00
   0.136000E+02   0.607616E+00   0.730822E+00   0.737404E+00   0.943974E+00
   0.137000E+02   0.611966E+00   0.723218E+00   0.738288E+00   0.941899E+00
   0.138000E+02   0.616600E+00   0.715422E+00   0.739259E+00   0.939682E+00
   0.139000E+02   0.621478E+00   0.707464E+00   0.740299E+00   0.937329E+00
   0.140000E+02   0.626564E+00   0.699359E+00   0.741390E+00   0.934841E+00
   0.141000E+02   0.631832E+00   0.691126E+00   0.742513E+00   0.932225E+00
   0.142000E+02   0.637239E+00   0.682796E+00   0.743642E+00   0.929486E+00
   0.143000E+02   0.642754E+00   0.674405E+00   0.744759E+00   0.926627E+00
   0.144000E+02   0.648341E+00   0.665989E+00   0.745838E+00   0.923664E+00
   0.145000E+02   0.653974E+00   0.657579E+00   0.746860E+00   0.920607E+00
   0.146000E+02   0.659603E+00   0.649230E+00   0.747812E+00   0.917468E+00
   0.147000E+02   0.665193E+00   0.640968E+00   0.748675E+00   0.914265E+00
   0.148000E+02   0.670689E+00   0.632841E+00   0.749433E+00   0.911009E+00
   0.149000E+02   0.676052E+00   0.624883E+00   0.750067E+00   0.907723E+00
   0.150000E+02   0.681235E+00   0.617129E+00   0.750565E+00   0.904411E+00
   0.151000E+02   0.686186E+00   0.609633E+00   0.750912E+00   0.901088E+00
   0.152000E+02   0.690884E+00   0.602430E+00   0.751092E+00   0.897770E+00
   0.153000E+02   0.695291E+00   0.595567E+00   0.751099E+00   0.894459E+00
   0.154000E+02   0.699373E+00   0.589075E+00   0.750922E+00   0.891176E+00
   0.155000E+02   0.703098E+00   0.582973E+00   0.750553E+00   0.887933E+00
   0.156000E+02   0.706420E+00   0.577303E+00   0.749991E+00   0.884736E+00
   0.157000E+02   0.709321E+00   0.572086E+00   0.749227E+00   0.881599E+00
   0.158000E+02   0.711764E+00   0.567361E+00   0.748253E+00   0.878533E+00
   0.159000E+02   0.713725E+00   0.563162E+00   0.747089E+00   0.875530E+00
   0.160000E+02   0.715177E+00   0.559517E+00   0.745714E+00   0.872616E+00
   0.161000E+02   0.716090E+00   0.556472E+00   0.744130E+00   0.869797E+00
   0.162000E+02   0.716449E+00   0.554061E+00   0.742338E+00   0.867083E+00
   0.163000E+02   0.716226E+00   0.552322E+00   0.740341E+00   0.864474E+00
   0.164000E+02   0.715409E+00   0.551271E+00   0.738125E+00   0.861992E+00
   0.165000E+02   0.713990E+00   0.550918E+00   0.735742E+00   0.859612E+00
   0.166000E+02   0.711969E+00   0.551267E+00   0.733147E+00   0.857375E+00
   0.167000E+02   0.709345E+00   0.552311E+00   0.730349E+00   0.855269E+00
   0.168000E+02   0.706118E+00   0.554041E+00   0.727349E+00   0.853304E+00
   0.169000E+02   0.702309E+00   0.556444E+00   0.724148E+00   0.851486E+00
   0.170000E+02   0.697933E+00   0.559498E+00   0.720724E+00   0.849817E+00
   0.171000E+02   0.693020E+00   0.563186E+00   0.717153E+00   0.848286E+00
   0.172000E+02   0.687597E+00   0.567474E+00   0.713400E+00   0.846902E+00
   0.173000E+02   0.681682E+00   0.572336E+00   0.709485E+00   0.845651E+00
   0.174000E+02   0.675298E+00   0.577749E+00   0.705423E+00   0.844522E+00
   0.175000E+02   0.668490E+00   0.583662E+00   0.701225E+00   0.843516E+00
   0.176000E+02   0.661291E+00   0.590031E+00   0.696930E+00   0.842606E+00
   0.177000E+02   0.653749E+00   0.596795E+00   0.692541E+00   0.841797E+00
   0.178000E+02   0.645895E+00   0.603901E+00   0.688122E+00   0.841046E+00
   0.179000E+02   0.637773E+00   0.611283E+00   0.683691E+00   0.840335E+00
   0.180000E+02   0.629440E+00   0.618898E+00   0.679286E+00   0.839648E+00
   0.181000E+02   0.620942E+00   0.626697E+00   0.674941E+00   0.838953E+00
   0.182000E+02   0.612349E+00   0.634625E+00   0.670719E+00   0.838227E+00
   0.183000E+02   0.603710E+00   0.642619E+00   0.666697E+00   0.837429E+00
   0.184000E+02   0.595070E+00   0.650621E+00   0.662881E+00   0.836534E+00
   0.185000E+02   0.586484E+00   0.658568E+00   0.659386E+00   0.835494E+00
   0.186000E+02   0.577997E+00   0.666419E+00   0.656165E+00   0.834313E+00
   0.187000E+02   0.569659E+00   0.674128E+00   0.653403E+00   0.832893E+00
   0.188000E+02   0.561513E+00   0.681635E+00   0.651021E+00   0.831357E+00
   0.189000E+02   0.553603E+00   0.688877E+00   0.649169E+00   0.829565E+00
   0.190000E+02   0.545997E+00   0.695773E+00   0.647884E+00   0.827500E+00
   0.191000E+02   0.538754E+00   0.702253E+00   0.647153E+00   0.825174E+00
   0.192000E+02   0.531916E+00   0.708251E+00   0.647038E+00   0.822545E+00
   0.193000E+02   0.525547E+00   0.713718E+00   0.647630E+00   0.819509E+00
   0.194000E+02   0.519722E+00   0.718618E+00   0.648794E+00   0.816243E+00
   0.195000E+02   0.514523E+00   0.722911E+00   0.650649E+00   0.812558E+00
   0.196000E+02   0.510034E+00   0.726552E+00   0.653189E+00   0.808433E+00
   0.197000E+02   0.506286E+00   0.729513E+00   0.656410E+00   0.803843E+00
   0.198000E+02   0.503340E+00   0.731743E+00   0.660343E+00   0.798740E+00
   0.199000E+02   0.501223E+00   0.733223E+00   0.664905E+00   0.793083E+00
   0.200000E+02   0.499959E+00   0.733931E+00   0.670082E+00   0.786888E+00
   0.201000E+02   0.499593E+00   0.733828E+00   0.675815E+00   0.780059E+00
   0.202000E+02   0.500122E+00   0.732902E+00   0.682060E+00   0.772555E+00
   0.203000E+02   0.501579E+00   0.731134E+00   0.688720E+00   0.764356E+00
   0.204000E+02   0.503964E+00   0.728531E+00   0.695771E+00   0.755382E+00
   0.205000E+02   0.507292E+00   0.725112E+00   0.703051E+00   0.745665E+00
   0.206000E+02   0.511564E+00   0.720878E+00   0.710551E+00   0.735106E+00
   0.207000E+02   0.516744E+00   0.715860E+00   0.718212E+00   0.723683E+00
   0.208000E+02   0.522816E+00   0.710087E+00   0.725878E+00   0.711437E+00
   0.209000E+02   0.529736E+00   0.703606E+00   0.733497E+00   0.698355E+00
   0.210000E+02   0.537464E+00   0.696454E+00   0.740985E+00   0.684482E+00
   0.211000E+02   0.545949E+00   0.688682E+00   0.748286E+00   0.669814E+00
   0.212000E+02   0.555120E+00   0.680340E+00   0.755283E+00   0.654500E+00
   0.213000E+02   0.564902E+00   0.671465E+00   0.762121E+00   0.638365E+00
   0.214000E+02   0.575204E+00   0.662116E+00   0.768654E+00   0.621630E+00
   0.215000E+02   0.585953E+00   0.652341E+00   0.774819E+00   0.604524E+00
   0.216000E+02   0.597044E+00   0.642200E+00   0.780706E+00   0.587164E+00
   0.217000E+02   0.608390E+00   0.631780E+00   0.786246E+00   0.569826E+00
   0.218000E+02   0.619930E+00   0.621128E+00   0.791511E+00   0.552784E+00
   0.219000E+02   0.631587E+00   0.610308E+00   0.796325E+00   0.536414E+00
   0.220000E+02   0.643286E+00   0.599389E+00   0.800903E+00   0.520657E+00
   0.221000E+02   0.654965E+00   0.588435E+00   0.805045E+00   0.505968E+00
   0.222000E+02   0.666557E+00   0.577508E+00   0.808823E+00   0.492422E+00
   0.223000E+02   0.677963E+00   0.566665E+00   0.812157E+00   0.480242E+00
   0.224000E+02   0.689111E+00   0.555957E+00   0.815162E+00   0.469315E+00
   0.225000E+02   0.699959E+00   0.545450E+00   0.817760E+00   0.459771E+00
   0.226000E+02   0.710450E+00   0.535229E+00   0.819970E+00   0.451587E+00
   0.227001E+02   0.720519E+00   0.525365E+00   0.821772E+00   0.444800E+00
   0.228001E+02   0.730064E+00   0.515933E+00   0.823099E+00   0.439460E+00
   0.229001E+02   0.738988E+00   0.507043E+00   0.823867E+00   0.435839E+00
   0.230001E+02   0.747193E+00   0.498807E+00   0.824104E+00   0.433385E+00
   0.231001E+02   0.754621E+00   0.491346E+00   0.823711E+00   0.432331E+00
   0.232001E+02   0.761203E+00   0.484768E+00   0.822702E+00   0.432564E+00
   0.233001E+02   0.766895E+00   0.479150E+00   0.820883E+00   0.434497E+00
   0.234001E+02   0.771646E+00   0.474569E+00   0.818281E+00   0.437980E+00
   0.235001E+02   0.775404E+00   0.471080E+00   0.814733E+00   0.442990E+00
   0.236001E+02   0.778109E+00   0.468744E+00   0.810147E+00   0.449493E+00
   0.237001E+02   0.779739E+00   0.467600E+00   0.804451E+00   0.457479E+00
   0.238001E+02   0.780261E+00   0.467709E+00   0.797529E+00   0.466958E+00
   0.239001E+02   0.779655E+00   0.469104E+00   0.789285E+00   0.477693E+00
   0.240001E+02   0.777886E+00   0.471821E+00   0.779575E+00   0.489987E+00
   0.241001E+02   0.774936E+00   0.475889E+00   0.768288E+00   0.503866E+00
   0.242001E+02   0.770825E+00   0.481305E+00   0.755400E+00   0.519163E+00
   0.243001E+02   0.765588E+00   0.488064E+00   0.740794E+00   0.536085E+00
   0.244001E+02   0.759253E+00   0.496128E+00   0.724476E+00   0.554454E+00
   0.245001E+02   0.751876E+00   0.505428E+00   0.706257E+00   0.574111E+00
   0.246001E+02   0.743527E+00   0.515910E+00   0.686290E+00   0.594596E+00
   0.247001E+02   0.734273E+00   0.527458E+00   0.664559E+00   0.615536E+00
   0.248001E+02   0.724192E+00   0.539979E+00   0.641279E+00   0.636479E+00
   0.249001E+02   0.713358E+00   0.553335E+00   0.616779E+00   0.656875E+00
   0.250001E+02   0.701838E+00   0.567399E+00   0.591402E+00   0.676433E+00
   0.251001E+02   0.689695E+00   0.582060E+00   0.565695E+00   0.694907E+00
   0.252001E+02   0.677025E+00   0.597154E+00   0.540384E+00   0.712108E+00
   0.253001E+02   0.663919E+00   0.612566E+00   0.516144E+00   0.727806E+00
   0.254001E+02   0.650465E+00   0.628176E+00   0.493439E+00   0.742004E+00
   0.255001E+02   0.636729E+00   0.643866E+00   0.472797E+00   0.754748E+00
   0.256001E+02   0.622794E+00   0.659532E+00   0.454576E+00   0.766190E+00
   0.257001E+02   0.608752E+00   0.675107E+00   0.438987E+00   0.776414E+00
   0.258001E+02   0.594676E+00   0.690526E+00   0.426093E+00   0.785619E+00
   0.259001E+02   0.580649E+00   0.705688E+00   0.415842E+00   0.794003E+00
   0.260001E+02   0.566734E+00   0.720507E+00   0.408174E+00   0.801441E+00
   0.261001E+02   0.553019E+00   0.734898E+00   0.402946E+00   0.808111E+00
   0.262001E+02   0.539611E+00   0.748809E+00   0.399986E+00   0.814234E+00
   0.263001E+02   0.526614E+00   0.762176E+00   0.399160E+00   0.819899E+00
   0.264001E+02   0.514137E+00   0.774940E+00   0.399866E+00   0.825097E+00
   0.265001E+02   0.502323E+00   0.786990E+00   0.401714E+00   0.829761E+00
   0.266001E+02   0.491328E+00   0.798226E+00   0.404248E+00   0.833757E+00
   0.267001E+02   0.481349E+00   0.808536E+00   0.407492E+00   0.837043E+00
   0.268001E+02   0.472537E+00   0.817803E+00   0.410911E+00   0.839749E+00
   0.269001E+02   0.465032E+00   0.825940E+00   0.414687E+00   0.841664E+00
   0.270001E+02   0.458947E+00   0.832869E+00   0.418893E+00   0.842496E+00
   0.271001E+02   0.454380E+00   0.838524E+00   0.423561E+00   0.842034E+00
   0.272001E+02   0.451428E+00   0.842826E+00   0.428708E+00   0.840152E+00
   0.273001E+02   0.450140E+00   0.845710E+00   0.434527E+00   0.836730E+00
   0.274001E+02   0.450597E+00   0.847117E+00   0.440998E+00   0.831645E+00
   0.275001E+02   0.452861E+00   0.847016E+00   0.448233E+00   0.824727E+00
   0.276001E+02   0.456970E+00   0.845356E+00   0.456633E+00   0.815791E+00
   0.277001E+02   0.462946E+00   0.842096E+00   0.466462E+00   0.804681E+00
   0.278001E+02   0.470764E+00   0.837236E+00   0.477937E+00   0.791297E+00
   0.279001E+02   0.480387E+00   0.830801E+00   0.491185E+00   0.775596E+00
   0.280001E+02   0.491726E+00   0.822850E+00   0.506581E+00   0.757432E+00
   0.281001E+02   0.504677E+00   0.813433E+00   0.523892E+00   0.736803E+00
   0.282001E+02   0.519095E+00   0.802654E+00   0.543384E+00   0.713940E+00
   0.283001E+02   0.534796E+00   0.790626E+00   0.564871E+00   0.689090E+00
   0.284001E+02   0.551586E+00   0.777457E+00   0.587905E+00   0.662701E+00
   0.285001E+02   0.569243E+00   0.763288E+00   0.612035E+00   0.635382E+00
   0.286001E+02   0.587560E+00   0.748244E+00   0.636689E+00   0.607967E+00
   0.287001E+02   0.606383E+00   0.732425E+00   0.661165E+00   0.581546E+00
   0.288001E+02   0.625488E+00   0.715977E+00   0.684698E+00   0.556948E+00
   0.289001E+02   0.644722E+00   0.699023E+00   0.706926E+00   0.534842E+00
   0.290001E+02   0.663946E+00   0.681691E+00   0.727497E+00   0.515893E+00
   0.291001E+02   0.683000E+00   0.664067E+00   0.746256E+00   0.500521E+00
   0.292001E+02   0.701807E+00   0.646247E+00   0.763130E+00   0.488706E+00
   0.293001E+02   0.720288E+00   0.628338E+00   0.778180E+00   0.480398E+00
   0.294001E+02   0.738385E+00   0.610460E+00   0.791552E+00   0.475682E+00
   0.295001E+02   0.756050E+00   0.592688E+00   0.803415E+00   0.473993E+00
   0.296001E+02   0.773204E+00   0.575116E+00   0.813973E+00   0.474654E+00
   0.297001E+02   0.789762E+00   0.557877E+00   0.823481E+00   0.477222E+00
   0.298001E+02   0.805643E+00   0.541125E+00   0.832027E+00   0.481131E+00
   0.299001E+02   0.820811E+00   0.525000E+00   0.839474E+00   0.485902E+00
   0.300001E+02   0.835225E+00   0.509669E+00   0.845881E+00   0.491069E+00
   0.301001E+02   0.848812E+00   0.495349E+00   0.851481E+00   0.496301E+00
   0.302001E+02   0.861462E+00   0.482294E+00   0.856285E+00   0.501173E+00
   0.303001E+02   0.873045E+00   0.470756E+00   0.860233E+00   0.505700E+00
   0.304001E+02   0.883418E+00   0.460934E+00   0.863100E+00   0.509621E+00
   0.305001E+02   0.892442E+00   0.452992E+00   0.864944E+00   0.512993E+00
   0.306001E+02   0.899993E+00   0.447091E+00   0.865861E+00   0.515903E+00
   0.307001E+02   0.905977E+00   0.443342E+00   0.865681E+00   0.518494E+00
   0.308001E+02   0.910301E+00   0.441833E+00   0.863866E+00   0.521174E+00
   0.309001E+02   0.912838E+00   0.442637E+00   0.860336E+00   0.524303E+00
   0.310001E+02   0.913495E+00   0.445810E+00   0.854662E+00   0.528045E+00
   0.311001E+02   0.912195E+00   0.451396E+00   0.846941E+00   0.532564E+00
   0.312001E+02   0.908892E+00   0.459377E+00   0.836874E+00   0.538066E+00
   0.313001E+02   0.903536E+00   0.469679E+00   0.824262E+00   0.544661E+00
   0.314001E+02   0.896129E+00   0.482198E+00   0.809000E+00   0.552595E+00
   0.315001E+02   0.886725E+00   0.496755E+00   0.790864E+00   0.562252E+00
   0.316001E+02   0.875410E+00   0.513147E+00   0.769992E+00   0.573918E+00
   0.317001E+02   0.862254E+00   0.531187E+00   0.746654E+00   0.587736E+00
   0.318001E+02   0.847401E+00   0.550534E+00   0.721267E+00   0.603801E+00
   0.319001E+02   0.831014E+00   0.570918E+00   0.694434E+00   0.621977E+00
   0.320001E+02   0.813312E+00   0.592027E+00   0.666930E+00   0.642016E+00
   0.321001E+02   0.794479E+00   0.613607E+00   0.640038E+00   0.663457E+00
   0.322001E+02   0.774712E+00   0.635431E+00   0.614825E+00   0.685742E+00
   0.323001E+02   0.754203E+00   0.657276E+00   0.592171E+00   0.708207E+00
   0.324001E+02   0.733115E+00   0.678990E+00   0.572760E+00   0.730091E+00
   0.325001E+02   0.711666E+00   0.700403E+00   0.557154E+00   0.750856E+00
   0.326001E+02   0.689951E+00   0.721420E+00   0.545523E+00   0.770179E+00
   0.327001E+02   0.668101E+00   0.741955E+00   0.537921E+00   0.787854E+00
   0.328001E+02   0.646241E+00   0.761951E+00   0.533979E+00   0.803814E+00
   0.329001E+02   0.624513E+00   0.781375E+00   0.532954E+00   0.818075E+00
   0.330001E+02   0.603003E+00   0.800198E+00   0.534317E+00   0.830719E+00
   0.331001E+02   0.581832E+00   0.818393E+00   0.537554E+00   0.841861E+00
   0.332001E+02   0.561189E+00   0.835918E+00   0.542136E+00   0.851723E+00
   0.333001E+02   0.541281E+00   0.852718E+00   0.547296E+00   0.860388E+00
   0.334001E+02   0.522299E+00   0.868728E+00   0.552664E+00   0.867684E+00
   0.335001E+02   0.504481E+00   0.883923E+00   0.558006E+00   0.873652E+00
   0.336001E+02   0.488148E+00   0.898244E+00   0.563129E+00   0.878666E+00
   0.337001E+02   0.473646E+00   0.911564E+00   0.567794E+00   0.882739E+00
   0.338001E+02   0.461252E+00   0.923758E+00   0.571702E+00   0.885783E+00
   0.339001E+02   0.451195E+00   0.934674E+00   0.574751E+00   0.887626E+00
   0.340001E+02   0.443684E+00   0.944127E+00   0.577023E+00   0.888423E+00
   0.341001E+02   0.438875E+00   0.951954E+00   0.578685E+00   0.888239E+00
   0.342001E+02   0.436866E+00   0.958029E+00   0.579930E+00   0.886696E+00
   0.343000E+02   0.437723E+00   0.962141E+00   0.581179E+00   0.883410E+00
   0.344000E+02   0.441496E+00   0.964113E+00   0.583006E+00   0.878136E+00
   0.345000E+02   0.448176E+00   0.963827E+00   0.585591E+00   0.870701E+00
   0.346000E+02   0.457746E+00   0.961237E+00   0.589054E+00   0.860923E+00
   0.347000E+02   0.470028E+00   0.956258E+00   0.593679E+00   0.848600E+00
   0.348000E+02   0.484884E+00   0.948818E+00   0.599503E+00   0.833529E+00
   0.349000E+02   0.501986E+00   0.938936E+00   0.606739E+00   0.815494E+00
   0.350000E+02   0.521066E+00   0.926648E+00   0.615724E+00   0.794713E+00
   0.351000E+02   0.541812E+00   0.912044E+00   0.626723E+00   0.771471E+00
   0.352000E+02   0.563819E+00   0.895276E+00   0.639849E+00   0.746294E+00
   0.353000E+02   0.586717E+00   0.876559E+00   0.655142E+00   0.719864E+00
   0.354000E+02   0.610155E+00   0.856087E+00   0.672449E+00   0.693085E+00
   0.355000E+02   0.633825E+00   0.834158E+00   0.691419E+00   0.667355E+00
   0.356000E+02   0.657484E+00   0.811055E+00   0.711582E+00   0.643733E+00
   0.357000E+02   0.680929E+00   0.787039E+00   0.732381E+00   0.623026E+00
   0.358000E+02   0.704004E+00   0.762343E+00   0.753136E+00   0.605847E+00
   0.359000E+02   0.726591E+00   0.737229E+00   0.773141E+00   0.592632E+00
   0.360000E+02   0.748573E+00   0.711873E+00   0.791987E+00   0.583571E+00
   0.361000E+02   0.769882E+00   0.686436E+00   0.809421E+00   0.578395E+00
   0.362000E+02   0.790498E+00   0.661066E+00   0.825294E+00   0.576376E+00
   0.363000E+02   0.810460E+00   0.635921E+00   0.839570E+00   0.576943E+00
   0.364000E+02   0.829803E+00   0.611104E+00   0.852237E+00   0.579570E+00
   0.365000E+02   0.848552E+00   0.586767E+00   0.863407E+00   0.583502E+00
   0.366000E+02   0.866664E+00   0.563174E+00   0.873244E+00   0.588353E+00
   0.367000E+02   0.884060E+00   0.540542E+00   0.881768E+00   0.593655E+00
   0.368000E+02   0.900653E+00   0.519137E+00   0.888797E+00   0.598936E+00
   0.369000E+02   0.916403E+00   0.499280E+00   0.894427E+00   0.603969E+00
   0.370000E+02   0.931313E+00   0.481369E+00   0.898974E+00   0.608539E+00
   0.371000E+02   0.945275E+00   0.465816E+00   0.902493E+00   0.612388E+00
   0.372000E+02   0.958137E+00   0.452934E+00   0.904804E+00   0.615313E+00
   0.373000E+02   0.969690E+00   0.442963E+00   0.905840E+00   0.617328E+00
   0.374000E+02   0.979675E+00   0.436150E+00   0.905863E+00   0.618603E+00
   0.375000E+02   0.987865E+00   0.432617E+00   0.904817E+00   0.619282E+00
   0.376000E+02   0.994076E+00   0.432425E+00   0.902098E+00   0.619573E+00
   0.377000E+02   0.998171E+00   0.435609E+00   0.897578E+00   0.619886E+00
   0.378000E+02   0.999978E+00   0.442172E+00   0.890966E+00   0.620917E+00
   0.379000E+02   0.999282E+00   0.452047E+00   0.882078E+00   0.622788E+00
   0.380000E+02   0.995932E+00   0.465059E+00   0.870722E+00   0.625666E+00
   0.381000E+02   0.989857E+00   0.480925E+00   0.856726E+00   0.629837E+00
   0.382000E+02   0.980973E+00   0.499344E+00   0.839737E+00   0.635417E+00
   0.383000E+02   0.969255E+00   0.519934E+00   0.819888E+00   0.642294E+00
   0.384000E+02   0.954810E+00   0.542248E+00   0.797548E+00   0.650973E+00
   0.385000E+02   0.937734E+00   0.565858E+00   0.773181E+00   0.661651E+00
   0.386000E+02   0.918198E+00   0.590329E+00   0.747464E+00   0.674442E+00
   0.387000E+02   0.896466E+00   0.615252E+00   0.721288E+00   0.689352E+00
   0.388000E+02   0.872779E+00   0.640282E+00   0.696146E+00   0.706124E+00
   0.389000E+02   0.847513E+00   0.665157E+00   0.672960E+00   0.724478E+00
   0.390000E+02   0.821038E+00   0.689649E+00   0.652616E+00   0.743782E+00
   0.391000E+02   0.793641E+00   0.713495E+00   0.635780E+00   0.763554E+00
   0.392000E+02   0.765612E+00   0.736675E+00   0.622881E+00   0.783089E+00
   0.393000E+02   0.737272E+00   0.759250E+00   0.614171E+00   0.801810E+00
   0.394000E+02   0.708830E+00   0.781217E+00   0.609228E+00   0.819378E+00
   0.395000E+02   0.680462E+00   0.802560E+00   0.607354E+00   0.835544E+00
   0.396000E+02   0.652361E+00   0.823233E+00   0.608047E+00   0.850209E+00
   0.397000E+02   0.624641E+00   0.843230E+00   0.610621E+00   0.863318E+00
   0.398000E+02   0.597483E+00   0.862578E+00   0.614480E+00   0.874914E+00
   0.399000E+02   0.571145E+00   0.881276E+00   0.619195E+00   0.885097E+00
   0.400000E+02   0.545912E+00   0.899333E+00   0.624250E+00   0.893974E+00
   0.401000E+02   0.522102E+00   0.916737E+00   0.629192E+00   0.901294E+00
   0.402000E+02   0.500048E+00   0.933378E+00   0.633850E+00   0.907067E+00
   0.403000E+02   0.480227E+00   0.949178E+00   0.637900E+00   0.911662E+00
   0.404000E+02   0.463094E+00   0.964027E+00   0.641204E+00   0.915153E+00
   0.405000E+02   0.449033E+00   0.977627E+00   0.643583E+00   0.917410E+00
   0.406000E+02   0.438302E+00   0.989899E+00   0.645049E+00   0.918330E+00
   0.407000E+02   0.431162E+00   0.100071E+01   0.645757E+00   0.918152E+00
   0.407999E+02   0.427739E+00   0.100983E+01   0.645846E+00   0.916924E+00
   0.408999E+02   0.428080E+00   0.101700E+01   0.645520E+00   0.914006E+00
   0.409999E+02   0.432188E+00   0.102195E+01   0.645106E+00   0.909272E+00
   0.410999E+02   0.440036E+00   0.102446E+01   0.645306E+00   0.902425E+00
   0.411999E+02   0.451478E+00   0.102435E+01   0.646392E+00   0.893302E+00
   0.412999E+02   0.466263E+00   0.102145E+01   0.648536E+00   0.881709E+00
   0.413999E+02   0.484048E+00   0.101558E+01   0.652013E+00   0.867396E+00
   0.414999E+02   0.504419E+00   0.100666E+01   0.656833E+00   0.850102E+00
   0.415999E+02   0.526920E+00   0.994621E+00   0.663081E+00   0.830044E+00
   0.416999E+02   0.551011E+00   0.979520E+00   0.671033E+00   0.807606E+00
   0.417999E+02   0.576205E+00   0.961479E+00   0.680920E+00   0.783317E+00
   0.418999E+02   0.602031E+00   0.940677E+00   0.692857E+00   0.757915E+00
   0.419999E+02   0.628059E+00   0.917375E+00   0.706936E+00   0.732479E+00
   0.420999E+02   0.653900E+00   0.891866E+00   0.722863E+00   0.708319E+00
   0.421999E+02   0.679289E+00   0.864535E+00   0.740336E+00   0.686468E+00
   0.422999E+02   0.704135E+00   0.835805E+00   0.758889E+00   0.667681E+00
   0.423999E+02   0.728381E+00   0.806046E+00   0.777976E+00   0.652473E+00
   0.424999E+02   0.751991E+00   0.775599E+00   0.796912E+00   0.641214E+00
   0.425999E+02   0.774986E+00   0.744806E+00   0.815128E+00   0.634110E+00
   0.426999E+02   0.797336E+00   0.713962E+00   0.832266E+00   0.630438E+00
   0.427999E+02   0.819038E+00   0.683266E+00   0.848082E+00   0.629541E+00
   0.428999E+02   0.840070E+00   0.652931E+00   0.862440E+00   0.631005E+00
   0.429999E+02   0.860404E+00   0.623106E+00   0.875300E+00   0.633926E+00
   0.430999E+02   0.880057E+00   0.593996E+00   0.886651E+00   0.637976E+00
   0.431999E+02   0.899020E+00   0.565917E+00   0.896598E+00   0.642602E+00
   0.432999E+02   0.917243E+00   0.539181E+00   0.905184E+00   0.647340E+00
   0.433999E+02   0.934668E+00   0.514161E+00   0.912135E+00   0.651840E+00
   0.434999E+02   0.951211E+00   0.491291E+00   0.917561E+00   0.655887E+00
   0.435999E+02   0.966919E+00   0.471087E+00   0.921774E+00   0.659225E+00
   0.436999E+02   0.981815E+00   0.454034E+00   0.924799E+00   0.661781E+00
   0.437999E+02   0.995676E+00   0.440487E+00   0.926541E+00   0.663400E+00
   0.438999E+02   0.100811E+01   0.430731E+00   0.926872E+00   0.664173E+00
   0.439999E+02   0.101889E+01   0.424976E+00   0.926133E+00   0.664237E+00
   0.440999E+02   0.102788E+01   0.423308E+00   0.924214E+00   0.663695E+00
   0.441999E+02   0.103484E+01   0.425727E+00   0.920549E+00   0.662808E+00
   0.442999E+02   0.103952E+01   0.432190E+00   0.914888E+00   0.662052E+00
   0.443999E+02   0.104161E+01   0.442588E+00   0.907056E+00   0.662055E+00
   0.444999E+02   0.104090E+01   0.456644E+00   0.896883E+00   0.662985E+00
   0.445999E+02   0.103721E+01   0.474063E+00   0.884179E+00   0.665145E+00
   0.446999E+02   0.103037E+01   0.494401E+00   0.868565E+00   0.668676E+00
   0.447999E+02   0.102024E+01   0.517088E+00   0.850078E+00   0.673580E+00
   0.448999E+02   0.100678E+01   0.541611E+00   0.829045E+00   0.679933E+00
   0.449999E+02   0.990037E+00   0.567400E+00   0.805918E+00   0.688080E+00
   0.450999E+02   0.970190E+00   0.593888E+00   0.781353E+00   0.698169E+00
   0.451999E+02   0.947424E+00   0.620641E+00   0.756187E+00   0.710340E+00
   0.452999E+02   0.922045E+00   0.647209E+00   0.731821E+00   0.724576E+00
   0.453999E+02   0.894376E+00   0.673368E+00   0.709373E+00   0.740659E+00
   0.454999E+02   0.864862E+00   0.698995E+00   0.689717E+00   0.758030E+00
   0.455999E+02   0.833969E+00   0.723996E+00   0.673356E+00   0.776351E+00
   0.456999E+02   0.802098E+00   0.748298E+00   0.660756E+00   0.795015E+00
   0.457999E+02   0.769605E+00   0.771896E+00   0.652246E+00   0.813368E+00
   0.458999E+02   0.736909E+00   0.794829E+00   0.647393E+00   0.830910E+00
   0.459999E+02   0.704278E+00   0.817098E+00   0.645482E+00   0.847318E+00
   0.460999E+02   0.671956E+00   0.838694E+00   0.646092E+00   0.862379E+00
   0.461999E+02   0.640125E+00   0.859612E+00   0.648344E+00   0.875981E+00
   0.462999E+02   0.608994E+00   0.879862E+00   0.651866E+00   0.888089E+00
   0.463999E+02   0.578847E+00   0.899447E+00   0.656151E+00   0.898723E+00
   0.464999E+02   0.550069E+00   0.918340E+00   0.660638E+00   0.907975E+00
   0.465999E+02   0.522972E+00   0.936469E+00   0.664923E+00   0.915677E+00
   0.466999E+02   0.498045E+00   0.953735E+00   0.668915E+00   0.921697E+00
   0.467999E+02   0.475790E+00   0.970014E+00   0.672183E+00   0.926409E+00
   0.468999E+02   0.456766E+00   0.985296E+00   0.674690E+00   0.929889E+00
   0.469999E+02   0.441383E+00   0.999704E+00   0.676353E+00   0.932065E+00
   0.470999E+02   0.429969E+00   0.101306E+01   0.677106E+00   0.932852E+00
   0.471999E+02   0.422775E+00   0.102502E+01   0.677086E+00   0.932427E+00
   0.472999E+02   0.419909E+00   0.103511E+01   0.676449E+00   0.930917E+00
   0.473998E+02   0.421372E+00   0.104321E+01   0.675396E+00   0.927772E+00
   0.474998E+02   0.427122E+00   0.104911E+01   0.674164E+00   0.922753E+00
   0.475998E+02   0.437030E+00   0.105257E+01   0.673508E+00   0.915617E+00
   0.476998E+02   0.450861E+00   0.105325E+01   0.673788E+00   0.906203E+00
   0.477998E+02   0.468255E+00   0.105091E+01   0.675125E+00   0.894338E+00
   0.478998E+02   0.488721E+00   0.104539E+01   0.677817E+00   0.879657E+00
   0.479998E+02   0.511753E+00   0.103648E+01   0.681934E+00   0.862065E+00
   0.480998E+02   0.536717E+00   0.102411E+01   0.687464E+00   0.841849E+00
   0.481998E+02   0.563005E+00   0.100825E+01   0.694609E+00   0.819439E+00
   0.482998E+02   0.590060E+00   0.989020E+00   0.703634E+00   0.795452E+00
   0.483998E+02   0.617326E+00   0.966639E+00   0.714658E+00   0.770681E+00
   0.484998E+02   0.644457E+00   0.941330E+00   0.727784E+00   0.746412E+00
   0.485998E+02   0.671225E+00   0.913462E+00   0.742836E+00   0.723820E+00
   0.486998E+02   0.697398E+00   0.883431E+00   0.759426E+00   0.703806E+00
   0.487998E+02   0.722854E+00   0.851735E+00   0.777139E+00   0.687025E+00
   0.488998E+02   0.747554E+00   0.818842E+00   0.795446E+00   0.673871E+00
   0.489998E+02   0.771529E+00   0.785159E+00   0.813713E+00   0.664728E+00
   0.490998E+02   0.794828E+00   0.751106E+00   0.831361E+00   0.659333E+00
   0.491998E+02   0.817480E+00   0.717051E+00   0.847990E+00   0.656954E+00
   0.492998E+02   0.839460E+00   0.683272E+00   0.863404E+00   0.657121E+00
   0.493998E+02   0.860749E+00   0.649996E+00   0.877376E+00   0.659017E+00
   0.494998E+02   0.881310E+00   0.617434E+00   0.889890E+00   0.662200E+00
   0.495998E+02   0.901140E+00   0.585860E+00   0.900910E+00   0.666219E+00
   0.496998E+02   0.920339E+00   0.555676E+00   0.910511E+00   0.670499E+00
   0.497998E+02   0.938851E+00   0.527240E+00   0.918629E+00   0.674607E+00
   0.498998E+02   0.956563E+00   0.501006E+00   0.925039E+00   0.678388E+00
   0.499998E+02   0.973305E+00   0.477497E+00   0.929983E+00   0.681535E+00
   0.500998E+02   0.988998E+00   0.457337E+00   0.933657E+00   0.683942E+00
   0.501998E+02   0.100361E+01   0.440950E+00   0.936048E+00   0.685529E+00
   0.502998E+02   0.101723E+01   0.428681E+00   0.937037E+00   0.686212E+00
   0.503998E+02   0.102970E+01   0.420795E+00   0.936713E+00   0.686111E+00
   0.504998E+02   0.104048E+01   0.417433E+00   0.935303E+00   0.685356E+00
   0.505998E+02   0.104922E+01   0.418571E+00   0.932364E+00   0.684156E+00
   0.506998E+02   0.105580E+01   0.424157E+00   0.927593E+00   0.682720E+00
   0.507998E+02   0.105997E+01   0.434069E+00   0.920737E+00   0.681704E+00
   0.508998E+02   0.106140E+01   0.448043E+00   0.911631E+00   0.681628E+00
   0.509998E+02   0.105978E+01   0.465694E+00   0.900103E+00   0.682528E+00
   0.510998E+02   0.105494E+01   0.486536E+00   0.885799E+00   0.684756E+00
   0.511998E+02   0.104666E+01   0.509980E+00   0.868593E+00   0.688449E+00
   0.512998E+02   0.103483E+01   0.535405E+00   0.848755E+00   0.693537E+00
   0.513998E+02   0.101937E+01   0.562154E+00   0.826702E+00   0.700156E+00
   0.514998E+02   0.100038E+01   0.589630E+00   0.803026E+00   0.708625E+00
   0.515998E+02   0.978069E+00   0.617334E+00   0.778542E+00   0.719047E+00
   0.516998E+02   0.952659E+00   0.644883E+00   0.754484E+00   0.731581E+00
   0.517998E+02   0.924516E+00   0.671963E+00   0.732037E+00   0.746084E+00
   0.518998E+02   0.894012E+00   0.698353E+00   0.712114E+00   0.762209E+00
   0.519998E+02   0.861660E+00   0.723979E+00   0.695374E+00   0.779543E+00
   0.520998E+02   0.827978E+00   0.748850E+00   0.682220E+00   0.797581E+00
   0.521998E+02   0.793406E+00   0.773006E+00   0.672998E+00   0.815712E+00
   0.522998E+02   0.758359E+00   0.796529E+00   0.667511E+00   0.833320E+00
   0.523998E+02   0.723286E+00   0.819434E+00   0.665008E+00   0.849995E+00
   0.524998E+02   0.688484E+00   0.841689E+00   0.665063E+00   0.865489E+00
   0.525998E+02   0.654204E+00   0.863216E+00   0.666813E+00   0.879583E+00
   0.526998E+02   0.620665E+00   0.883997E+00   0.669857E+00   0.892232E+00
   0.527998E+02   0.588151E+00   0.904024E+00   0.673721E+00   0.903389E+00
   0.528998E+02   0.557081E+00   0.923324E+00   0.677831E+00   0.913120E+00
   0.529998E+02   0.527830E+00   0.941972E+00   0.681781E+00   0.921372E+00
   0.530998E+02   0.500865E+00   0.959877E+00   0.685399E+00   0.927897E+00
   0.531998E+02   0.476740E+00   0.976863E+00   0.688384E+00   0.932908E+00
   0.532998E+02   0.456067E+00   0.992787E+00   0.690633E+00   0.936618E+00
   0.533998E+02   0.439306E+00   0.100760E+01   0.692085E+00   0.939033E+00
   0.534998E+02   0.426817E+00   0.102126E+01   0.692640E+00   0.940036E+00
   0.535998E+02   0.418848E+00   0.103383E+01   0.692407E+00   0.939689E+00
   0.536998E+02   0.415534E+00   0.104495E+01   0.691519E+00   0.938248E+00
   0.537998E+02   0.416846E+00   0.105399E+01   0.690179E+00   0.935307E+00
   0.538997E+02   0.422711E+00   0.106081E+01   0.688606E+00   0.930526E+00
   0.539997E+02   0.433003E+00   0.106520E+01   0.687405E+00   0.923664E+00
   0.540997E+02   0.447426E+00   0.106689E+01   0.687136E+00   0.914558E+00
   0.541997E+02   0.465565E+00   0.106552E+01   0.687869E+00   0.903040E+00
   0.542997E+02   0.486926E+00   0.106086E+01   0.689908E+00   0.888740E+00
   0.543997E+02   0.510876E+00   0.105274E+01   0.693431E+00   0.871554E+00
   0.544997E+02   0.536766E+00   0.104098E+01   0.698347E+00   0.851765E+00
   0.545997E+02   0.563929E+00   0.102552E+01   0.704768E+00   0.829793E+00
   0.546997E+02   0.591750E+00   0.100643E+01   0.713028E+00   0.806251E+00
   0.547997E+02   0.619776E+00   0.983912E+00   0.723236E+00   0.781939E+00
   0.548997E+02   0.647514E+00   0.958200E+00   0.735546E+00   0.758125E+00
   0.549997E+02   0.674698E+00   0.929656E+00   0.749833E+00   0.735968E+00
   0.550997E+02   0.701164E+00   0.898657E+00   0.765751E+00   0.716371E+00
   0.551997E+02   0.726866E+00   0.865726E+00   0.782891E+00   0.699962E+00
   0.552997E+02   0.751801E+00   0.831392E+00   0.800762E+00   0.687110E+00
   0.553997E+02   0.776033E+00   0.796127E+00   0.818764E+00   0.678202E+00
   0.554997E+02   0.799635E+00   0.760360E+00   0.836268E+00   0.672951E+00
   0.555997E+02   0.822627E+00   0.724566E+00   0.852862E+00   0.670632E+00
   0.556997E+02   0.844982E+00   0.689065E+00   0.868294E+00   0.670785E+00
   0.557997E+02   0.866671E+00   0.654116E+00   0.882351E+00   0.672579E+00
   0.558997E+02   0.887578E+00   0.619956E+00   0.894960E+00   0.675607E+00
   0.559997E+02   0.907700E+00   0.586888E+00   0.906076E+00   0.679394E+00
   0.560997E+02   0.927076E+00   0.555334E+00   0.915758E+00   0.683391E+00
   0.561997E+02   0.945726E+00   0.525693E+00   0.923948E+00   0.687176E+00
   0.562997E+02   0.963667E+00   0.498453E+00   0.930395E+00   0.690636E+00
   0.563997E+02   0.980728E+00   0.474176E+00   0.935330E+00   0.693441E+00
   0.564997E+02   0.996719E+00   0.453507E+00   0.938952E+00   0.695508E+00
   0.565997E+02   0.101158E+01   0.436846E+00   0.941263E+00   0.696778E+00
   0.566997E+02   0.102517E+01   0.424593E+00   0.942139E+00   0.697182E+00
   0.567997E+02   0.103770E+01   0.416979E+00   0.941683E+00   0.696776E+00
   0.568997E+02   0.104884E+01   0.414118E+00   0.940119E+00   0.695737E+00
   0.569997E+02   0.105792E+01   0.415970E+00   0.936957E+00   0.694284E+00
   0.570997E+02   0.106471E+01   0.422446E+00   0.932022E+00   0.692600E+00
   0.571997E+02   0.106906E+01   0.433393E+00   0.924984E+00   0.691334E+00
   0.572997E+02   0.107066E+01   0.448482E+00   0.915681E+00   0.691027E+00
   0.573997E+02   0.106919E+01   0.467282E+00   0.903954E+00   0.691769E+00
   0.574997E+02   0.106438E+01   0.489247E+00   0.889397E+00   0.693789E+00
   0.575997E+02   0.105605E+01   0.513751E+00   0.871977E+00   0.697302E+00
   0.576997E+02   0.104402E+01   0.540099E+00   0.852007E+00   0.702220E+00
   0.577997E+02   0.102824E+01   0.567609E+00   0.829924E+00   0.708664E+00
   0.578997E+02   0.100876E+01   0.595747E+00   0.806372E+00   0.716950E+00
   0.579997E+02   0.985816E+00   0.623931E+00   0.782156E+00   0.727183E+00
   0.580997E+02   0.959624E+00   0.651733E+00   0.758616E+00   0.739524E+00
   0.581997E+02   0.930561E+00   0.678926E+00   0.736867E+00   0.753861E+00
   0.582997E+02   0.899020E+00   0.705379E+00   0.717738E+00   0.769740E+00
   0.583997E+02   0.865528E+00   0.731060E+00   0.701854E+00   0.786823E+00
   0.584997E+02   0.830642E+00   0.755978E+00   0.689581E+00   0.804613E+00
   0.585997E+02   0.794814E+00   0.780214E+00   0.681237E+00   0.822499E+00
   0.586997E+02   0.758519E+00   0.803809E+00   0.676416E+00   0.839867E+00
   0.587997E+02   0.722234E+00   0.826806E+00   0.674448E+00   0.856321E+00
   0.588997E+02   0.686276E+00   0.849164E+00   0.674847E+00   0.871582E+00
   0.589997E+02   0.650917E+00   0.870859E+00   0.676815E+00   0.885471E+00
   0.590997E+02   0.616404E+00   0.891805E+00   0.679896E+00   0.897937E+00
   0.591997E+02   0.583070E+00   0.911947E+00   0.683654E+00   0.908893E+00
   0.592997E+02   0.551342E+00   0.931319E+00   0.687547E+00   0.918417E+00
   0.593997E+02   0.521628E+00   0.949920E+00   0.691178E+00   0.926390E+00
   0.594997E+02   0.494446E+00   0.967817E+00   0.694512E+00   0.932612E+00
   0.595997E+02   0.470390E+00   0.984834E+00   0.697137E+00   0.937384E+00
   0.596997E+02   0.450045E+00   0.100078E+01   0.699012E+00   0.940835E+00
   0.597997E+02   0.433870E+00   0.101557E+01   0.700089E+00   0.942921E+00
   0.598997E+02   0.422203E+00   0.102905E+01   0.700284E+00   0.943591E+00
   0.599997E+02   0.415279E+00   0.104144E+01   0.699715E+00   0.942961E+00
   0.600997E+02   0.413167E+00   0.105242E+01   0.698535E+00   0.941215E+00
   0.601997E+02   0.415820E+00   0.106131E+01   0.696943E+00   0.937863E+00
   0.602997E+02   0.423134E+00   0.106789E+01   0.695189E+00   0.932580E+00
   0.603997E+02   0.434919E+00   0.107197E+01   0.693950E+00   0.925180E+00
   0.604996E+02   0.450819E+00   0.107326E+01   0.693707E+00   0.915511E+00
   0.605996E+02   0.470375E+00   0.107142E+01   0.694540E+00   0.903400E+00
   0.606996E+02   0.493012E+00   0.106620E+01   0.696702E+00   0.888412E+00
   0.607996E+02   0.518061E+00   0.105741E+01   0.700340E+00   0.870602E+00
   0.608996E+02   0.544853E+00   0.104486E+01   0.705386E+00   0.850275E+00
   0.609996E+02   0.572685E+00   0.102852E+01   0.712013E+00   0.827995E+00
   0.610996E+02   0.601017E+00   0.100846E+01   0.720489E+00   0.804370E+00
   0.611996E+02   0.629283E+00   0.984910E+00   0.730935E+00   0.780261E+00
   0.612996E+02   0.657084E+00   0.958109E+00   0.743470E+00   0.757049E+00
   0.613996E+02   0.684229E+00   0.928442E+00   0.757949E+00   0.735790E+00
   0.614996E+02   0.710605E+00   0.896320E+00   0.773941E+00   0.717296E+00
   0.615996E+02   0.736197E+00   0.862287E+00   0.791096E+00   0.702083E+00
   0.616996E+02   0.761042E+00   0.826904E+00   0.808854E+00   0.690521E+00
   0.617996E+02   0.785199E+00   0.790631E+00   0.826633E+00   0.682889E+00
   0.618996E+02   0.808739E+00   0.753952E+00   0.843842E+00   0.678633E+00
   0.619996E+02   0.831670E+00   0.717336E+00   0.860097E+00   0.677116E+00
   0.620996E+02   0.853976E+00   0.681115E+00   0.875134E+00   0.677787E+00
   0.621996E+02   0.875611E+00   0.645538E+00   0.888806E+00   0.679943E+00
   0.622996E+02   0.896519E+00   0.610868E+00   0.901013E+00   0.683152E+00
   0.623996E+02   0.916609E+00   0.577492E+00   0.911731E+00   0.686905E+00
   0.624996E+02   0.935913E+00   0.545807E+00   0.921022E+00   0.690720E+00
   0.625996E+02   0.954424E+00   0.516274E+00   0.928696E+00   0.694257E+00
   0.626996E+02   0.972217E+00   0.489402E+00   0.934623E+00   0.697340E+00
   0.627996E+02   0.989112E+00   0.465809E+00   0.939151E+00   0.699790E+00
   0.628996E+02   0.100492E+01   0.446092E+00   0.942345E+00   0.701481E+00
   0.629996E+02   0.101955E+01   0.430676E+00   0.944192E+00   0.702333E+00
   0.630996E+02   0.103284E+01   0.419848E+00   0.944555E+00   0.702355E+00
   0.631996E+02   0.104501E+01   0.413837E+00   0.943700E+00   0.701613E+00
   0.632996E+02   0.105574E+01   0.412688E+00   0.941705E+00   0.700286E+00
   0.633996E+02   0.106430E+01   0.416324E+00   0.938006E+00   0.698590E+00
   0.634996E+02   0.107051E+01   0.424629E+00   0.932333E+00   0.696786E+00
   0.635996E+02   0.107418E+01   0.437355E+00   0.924509E+00   0.695648E+00
   0.636996E+02   0.107498E+01   0.454156E+00   0.914383E+00   0.695525E+00
   0.637996E+02   0.107259E+01   0.474502E+00   0.901761E+00   0.696504E+00
   0.638996E+02   0.106678E+01   0.497857E+00   0.886228E+00   0.698965E+00
   0.639996E+02   0.105732E+01   0.523454E+00   0.867922E+00   0.702824E+00
   0.640996E+02   0.104408E+01   0.550644E+00   0.847213E+00   0.708089E+00
   0.641996E+02   0.102701E+01   0.578756E+00   0.824615E+00   0.714987E+00
   0.642996E+02   0.100622E+01   0.607193E+00   0.800860E+00   0.723772E+00
   0.643996E+02   0.981948E+00   0.635453E+00   0.776921E+00   0.734589E+00
   0.644996E+02   0.954446E+00   0.663208E+00   0.754093E+00   0.747420E+00
   0.645996E+02   0.924124E+00   0.690242E+00   0.733405E+00   0.762133E+00
   0.646996E+02   0.891405E+00   0.716497E+00   0.715589E+00   0.778331E+00
   0.647996E+02   0.856862E+00   0.741955E+00   0.701167E+00   0.795594E+00
   0.648996E+02   0.821041E+00   0.766678E+00   0.690443E+00   0.813352E+00
   0.649996E+02   0.784398E+00   0.790736E+00   0.683618E+00   0.831018E+00
   0.650996E+02   0.747451E+00   0.814183E+00   0.679979E+00   0.848031E+00
   0.651996E+02   0.710634E+00   0.837026E+00   0.678973E+00   0.864044E+00
   0.652996E+02   0.674287E+00   0.859228E+00   0.679973E+00   0.878815E+00
   0.653996E+02   0.638632E+00   0.880766E+00   0.682365E+00   0.892204E+00
   0.654996E+02   0.603977E+00   0.901577E+00   0.685702E+00   0.904106E+00
   0.655996E+02   0.570701E+00   0.921559E+00   0.689449E+00   0.914549E+00
   0.656996E+02   0.539243E+00   0.940748E+00   0.693181E+00   0.923564E+00
   0.657996E+02   0.510062E+00   0.959125E+00   0.696623E+00   0.930878E+00
   0.658996E+02   0.483704E+00   0.976771E+00   0.699546E+00   0.936468E+00
   0.659996E+02   0.460800E+00   0.993488E+00   0.701767E+00   0.940702E+00
   0.660996E+02   0.441908E+00   0.100910E+01   0.703240E+00   0.943612E+00
   0.661996E+02   0.427417E+00   0.102350E+01   0.703857E+00   0.945146E+00
   0.662996E+02   0.417616E+00   0.103656E+01   0.703669E+00   0.945161E+00
   0.663996E+02   0.412686E+00   0.104847E+01   0.702757E+00   0.944040E+00
   0.664996E+02   0.412637E+00   0.105883E+01   0.701292E+00   0.941685E+00
   0.665996E+02   0.417387E+00   0.106695E+01   0.699509E+00   0.937568E+00
   0.666996E+02   0.426767E+00   0.107268E+01   0.697762E+00   0.931386E+00
   0.667996E+02   0.440570E+00   0.107581E+01   0.696779E+00   0.923082E+00
   0.668996E+02   0.458311E+00   0.107600E+01   0.696833E+00   0.912448E+00
   0.669995E+02   0.479510E+00   0.107293E+01   0.698045E+00   0.899191E+00
   0.670995E+02   0.503516E+00   0.106638E+01   0.700776E+00   0.883047E+00
   0.671995E+02   0.529644E+00   0.105612E+01   0.704923E+00   0.864208E+00
   0.672995E+02   0.557179E+00   0.104205E+01   0.710482E+00   0.843058E+00
   0.673995E+02   0.585521E+00   0.102413E+01   0.717753E+00   0.820166E+00
   0.674995E+02   0.614019E+00   0.100252E+01   0.726918E+00   0.796292E+00
   0.675995E+02   0.642213E+00   0.977452E+00   0.738119E+00   0.772561E+00
   0.676995E+02   0.669832E+00   0.949217E+00   0.751377E+00   0.750205E+00
   0.677995E+02   0.696710E+00   0.918219E+00   0.766426E+00   0.730173E+00
   0.678995E+02   0.722804E+00   0.884916E+00   0.782867E+00   0.713158E+00
   0.679995E+02   0.748120E+00   0.849891E+00   0.800261E+00   0.699593E+00
   0.680995E+02   0.772704E+00   0.813683E+00   0.818015E+00   0.689799E+00
   0.681995E+02   0.796640E+00   0.776744E+00   0.835541E+00   0.683791E+00
   0.682995E+02   0.819973E+00   0.739634E+00   0.852338E+00   0.680784E+00
   0.683995E+02   0.842696E+00   0.702720E+00   0.868090E+00   0.680326E+00
   0.684995E+02   0.864775E+00   0.666350E+00   0.882531E+00   0.681653E+00
   0.685995E+02   0.886175E+00   0.630745E+00   0.895597E+00   0.684295E+00
   0.686995E+02   0.906837E+00   0.596217E+00   0.907166E+00   0.687778E+00
   0.687995E+02   0.926673E+00   0.563204E+00   0.917274E+00   0.691541E+00
   0.688995E+02   0.945703E+00   0.532108E+00   0.925962E+00   0.695182E+00
   0.689995E+02   0.963930E+00   0.503433E+00   0.932877E+00   0.698506E+00
   0.690995E+02   0.981398E+00   0.477750E+00   0.938141E+00   0.701240E+00
   0.691995E+02   0.997902E+00   0.455671E+00   0.942051E+00   0.703267E+00
   0.692995E+02   0.101327E+01   0.437751E+00   0.944638E+00   0.704522E+00
   0.693995E+02   0.102739E+01   0.424320E+00   0.945818E+00   0.704902E+00
   0.694995E+02   0.104020E+01   0.415665E+00   0.945534E+00   0.704485E+00
   0.695995E+02   0.105179E+01   0.411923E+00   0.944148E+00   0.703386E+00
   0.696995E+02   0.106167E+01   0.413063E+00   0.941380E+00   0.701802E+00
   0.697995E+02   0.106926E+01   0.418972E+00   0.936788E+00   0.699962E+00
   0.698995E+02   0.107445E+01   0.429528E+00   0.930142E+00   0.698333E+00
   0.699995E+02   0.107696E+01   0.444388E+00   0.921287E+00   0.697575E+00
   0.700995E+02   0.107644E+01   0.463101E+00   0.910049E+00   0.697857E+00
   0.701995E+02   0.107258E+01   0.485120E+00   0.896078E+00   0.699377E+00
   0.702995E+02   0.106519E+01   0.509778E+00   0.879233E+00   0.702449E+00
   0.703995E+02   0.105404E+01   0.536377E+00   0.859794E+00   0.706908E+00
   0.704995E+02   0.103904E+01   0.564211E+00   0.838175E+00   0.712793E+00
   0.705995E+02   0.102020E+01   0.592695E+00   0.814991E+00   0.720474E+00
   0.706995E+02   0.997706E+00   0.621198E+00   0.791037E+00   0.730083E+00
   0.707995E+02   0.971795E+00   0.649299E+00   0.767573E+00   0.741766E+00
   0.708995E+02   0.942804E+00   0.676766E+00   0.745742E+00   0.755461E+00
   0.709995E+02   0.911129E+00   0.703474E+00   0.726439E+00   0.770850E+00
   0.710995E+02   0.877271E+00   0.729387E+00   0.710284E+00   0.787531E+00
   0.711995E+02   0.841814E+00   0.754535E+00   0.697627E+00   0.805042E+00
   0.712995E+02   0.805284E+00   0.778966E+00   0.688853E+00   0.822792E+00
   0.713995E+02   0.768124E+00   0.802771E+00   0.683683E+00   0.840167E+00
   0.714995E+02   0.730908E+00   0.825975E+00   0.681370E+00   0.856721E+00
   0.715995E+02   0.693986E+00   0.848556E+00   0.681462E+00   0.872161E+00
   0.716995E+02   0.657669E+00   0.870484E+00   0.683152E+00   0.886280E+00
   0.717995E+02   0.622188E+00   0.891724E+00   0.686025E+00   0.898970E+00
   0.718995E+02   0.587889E+00   0.912210E+00   0.689606E+00   0.910165E+00
   0.719995E+02   0.555219E+00   0.931876E+00   0.693371E+00   0.919914E+00
   0.720995E+02   0.524593E+00   0.950735E+00   0.696886E+00   0.928170E+00
   0.721995E+02   0.496539E+00   0.968797E+00   0.700083E+00   0.934656E+00
   0.722995E+02   0.471623E+00   0.986052E+00   0.702634E+00   0.939589E+00
   0.723995E+02   0.450513E+00   0.100230E+01   0.704446E+00   0.943179E+00
   0.724995E+02   0.433660E+00   0.101740E+01   0.705471E+00   0.945435E+00
   0.725995E+02   0.421411E+00   0.103119E+01   0.705634E+00   0.946240E+00
   0.726995E+02   0.414002E+00   0.104373E+01   0.705003E+00   0.945686E+00
   0.727995E+02   0.411522E+00   0.105495E+01   0.703747E+00   0.944017E+00
   0.728995E+02   0.413919E+00   0.106430E+01   0.702072E+00   0.940763E+00
   0.729995E+02   0.421076E+00   0.107133E+01   0.700194E+00   0.935680E+00
   0.730995E+02   0.432801E+00   0.107588E+01   0.698726E+00   0.928492E+00
   0.731995E+02   0.448738E+00   0.107768E+01   0.698231E+00   0.919043E+00
   0.732995E+02   0.468404E+00   0.107636E+01   0.698819E+00   0.907171E+00
   0.733995E+02   0.491200E+00   0.107165E+01   0.700675E+00   0.892445E+00
   0.734995E+02   0.516496E+00   0.106333E+01   0.704054E+00   0.874893E+00
   0.735994E+02   0.543529E+00   0.105122E+01   0.708836E+00   0.854830E+00
   0.736994E+02   0.571640E+00   0.103524E+01   0.715145E+00   0.832764E+00
   0.737994E+02   0.600204E+00   0.101544E+01   0.723288E+00   0.809325E+00
   0.738994E+02   0.628658E+00   0.992044E+00   0.733380E+00   0.785352E+00
   0.739994E+02   0.656637E+00   0.965278E+00   0.745564E+00   0.762223E+00
   0.740994E+02   0.683937E+00   0.935523E+00   0.759727E+00   0.740996E+00
   0.741994E+02   0.710451E+00   0.903188E+00   0.775440E+00   0.722511E+00
   0.742994E+02   0.736165E+00   0.868806E+00   0.792362E+00   0.707239E+00
   0.743994E+02   0.761124E+00   0.832963E+00   0.809966E+00   0.695575E+00
   0.744994E+02   0.785399E+00   0.796154E+00   0.827665E+00   0.687821E+00
   0.745994E+02   0.809054E+00   0.758861E+00   0.844860E+00   0.683446E+00
   0.746994E+02   0.832109E+00   0.721608E+00   0.861146E+00   0.681810E+00
   0.747994E+02   0.854534E+00   0.684731E+00   0.876247E+00   0.682368E+00
   0.748994E+02   0.876300E+00   0.648513E+00   0.890002E+00   0.684412E+00
   0.749994E+02   0.897374E+00   0.613235E+00   0.902302E+00   0.687509E+00
   0.750994E+02   0.917664E+00   0.579253E+00   0.913112E+00   0.691156E+00
   0.751994E+02   0.937141E+00   0.547018E+00   0.922487E+00   0.694872E+00
   0.752994E+02   0.955801E+00   0.516952E+00   0.930261E+00   0.698308E+00
   0.753994E+02   0.973681E+00   0.489611E+00   0.936273E+00   0.701311E+00
   0.754994E+02   0.990698E+00   0.465603E+00   0.940860E+00   0.703679E+00
   0.755994E+02   0.100667E+01   0.445541E+00   0.944095E+00   0.705291E+00
   0.756994E+02   0.102146E+01   0.429848E+00   0.945978E+00   0.706078E+00
   0.757994E+02   0.103490E+01   0.418844E+00   0.946376E+00   0.706037E+00
   0.758994E+02   0.104713E+01   0.412730E+00   0.945528E+00   0.705228E+00
   0.759994E+02   0.105796E+01   0.411559E+00   0.943554E+00   0.703827E+00
   0.760994E+02   0.106675E+01   0.415238E+00   0.939885E+00   0.702057E+00
   0.761994E+02   0.107317E+01   0.423646E+00   0.934245E+00   0.700167E+00
   0.762994E+02   0.107704E+01   0.436526E+00   0.926458E+00   0.698901E+00
   0.763994E+02   0.107806E+01   0.453546E+00   0.916374E+00   0.698659E+00
   0.764994E+02   0.107589E+01   0.474137E+00   0.903801E+00   0.699514E+00
   0.765994E+02   0.107025E+01   0.497718E+00   0.888323E+00   0.701836E+00
   0.766994E+02   0.106096E+01   0.523555E+00   0.870074E+00   0.705569E+00
   0.767994E+02   0.104784E+01   0.550968E+00   0.849440E+00   0.710709E+00
   0.768994E+02   0.103085E+01   0.579319E+00   0.826920E+00   0.717463E+00
   0.769994E+02   0.101007E+01   0.607908E+00   0.803258E+00   0.726097E+00
   0.770994E+02   0.985741E+00   0.636282E+00   0.779429E+00   0.736748E+00
   0.771994E+02   0.958112E+00   0.664125E+00   0.756723E+00   0.749426E+00
   0.772994E+02   0.927600E+00   0.691225E+00   0.736159E+00   0.763996E+00
   0.773994E+02   0.894621E+00   0.717537E+00   0.718465E+00   0.780065E+00
   0.774994E+02   0.859751E+00   0.743050E+00   0.704155E+00   0.797216E+00
   0.775994E+02   0.823556E+00   0.767822E+00   0.693530E+00   0.814885E+00
   0.776994E+02   0.786507E+00   0.791929E+00   0.686780E+00   0.832494E+00
   0.777994E+02   0.749128E+00   0.815432E+00   0.683183E+00   0.849464E+00
   0.778994E+02   0.711878E+00   0.838329E+00   0.682198E+00   0.865454E+00
   0.779994E+02   0.675109E+00   0.860588E+00   0.683188E+00   0.880216E+00
   0.780994E+02   0.639051E+00   0.882183E+00   0.685556E+00   0.893603E+00
   0.781994E+02   0.604017E+00   0.903076E+00   0.688851E+00   0.905504E+00
   0.782994E+02   0.570408E+00   0.923162E+00   0.692527E+00   0.915945E+00
   0.783994E+02   0.538658E+00   0.942433E+00   0.696178E+00   0.924952E+00
   0.784994E+02   0.509231E+00   0.960872E+00   0.699539E+00   0.932256E+00
   0.785994E+02   0.482709E+00   0.978548E+00   0.702372E+00   0.937829E+00
   0.786994E+02   0.459693E+00   0.995310E+00   0.704505E+00   0.942035E+00
   0.787994E+02   0.440757E+00   0.101098E+01   0.705899E+00   0.944916E+00
   0.788994E+02   0.426314E+00   0.102543E+01   0.706432E+00   0.946410E+00
   0.789994E+02   0.416605E+00   0.103850E+01   0.706162E+00   0.946379E+00
   0.790994E+02   0.411824E+00   0.105040E+01   0.705166E+00   0.945221E+00
   0.791994E+02   0.411977E+00   0.106082E+01   0.703635E+00   0.942804E+00
   0.792994E+02   0.416974E+00   0.106899E+01   0.701791E+00   0.938623E+00
   0.793994E+02   0.426629E+00   0.107475E+01   0.699984E+00   0.932410E+00
   0.794994E+02   0.440738E+00   0.107790E+01   0.698957E+00   0.924033E+00
   0.795994E+02   0.458797E+00   0.107810E+01   0.698971E+00   0.913316E+00
   0.796994E+02   0.480290E+00   0.107502E+01   0.700155E+00   0.899963E+00
   0.797994E+02   0.504570E+00   0.106845E+01   0.702850E+00   0.883728E+00
   0.798994E+02   0.530933E+00   0.105813E+01   0.706978E+00   0.864821E+00
   0.799994E+02   0.558660E+00   0.104397E+01   0.712520E+00   0.843636E+00
   0.800993E+02   0.587148E+00   0.102593E+01   0.719774E+00   0.820746E+00
   0.801993E+02   0.615744E+00   0.100416E+01   0.728922E+00   0.796918E+00
   0.802993E+02   0.643993E+00   0.978894E+00   0.740105E+00   0.773304E+00
   0.803993E+02   0.671638E+00   0.950427E+00   0.753343E+00   0.751112E+00
   0.804993E+02   0.698530E+00   0.919172E+00   0.768362E+00   0.731287E+00
   0.805993E+02   0.724630E+00   0.885587E+00   0.784766E+00   0.714503E+00
   0.806993E+02   0.749951E+00   0.850265E+00   0.802116E+00   0.701173E+00
   0.807993E+02   0.774542E+00   0.813752E+00   0.819817E+00   0.691623E+00
   0.808993E+02   0.798491E+00   0.776504E+00   0.837279E+00   0.685804E+00
   0.809993E+02   0.821837E+00   0.739094E+00   0.854017E+00   0.682941E+00
   0.810993E+02   0.844571E+00   0.701904E+00   0.869710E+00   0.682602E+00
   0.811993E+02   0.866658E+00   0.665270E+00   0.884091E+00   0.683965E+00
   0.812993E+02   0.888071E+00   0.629424E+00   0.897087E+00   0.686626E+00
   0.813993E+02   0.908776E+00   0.594711E+00   0.908590E+00   0.690098E+00
   0.814993E+02   0.928637E+00   0.561544E+00   0.918636E+00   0.693821E+00
   0.815993E+02   0.947683E+00   0.530353E+00   0.927244E+00   0.697391E+00
   0.816993E+02   0.965894E+00   0.501635E+00   0.934075E+00   0.700639E+00
   0.817993E+02   0.983354E+00   0.475972E+00   0.939268E+00   0.703278E+00
   0.818993E+02   0.999851E+00   0.454005E+00   0.943106E+00   0.705200E+00
   0.819993E+02   0.101521E+01   0.436280E+00   0.945613E+00   0.706371E+00
   0.820993E+02   0.102931E+01   0.423081E+00   0.946701E+00   0.706661E+00
   0.821993E+02   0.104206E+01   0.414720E+00   0.946343E+00   0.706150E+00
   0.822993E+02   0.105359E+01   0.411311E+00   0.944874E+00   0.704972E+00
   0.823993E+02   0.106342E+01   0.412813E+00   0.941997E+00   0.703327E+00
   0.824993E+02   0.107095E+01   0.419121E+00   0.937274E+00   0.701443E+00
   0.825993E+02   0.107604E+01   0.430061E+00   0.930485E+00   0.699809E+00
   0.826993E+02   0.107844E+01   0.445308E+00   0.921479E+00   0.699069E+00
   0.827993E+02   0.107779E+01   0.464384E+00   0.910084E+00   0.699399E+00
   0.828993E+02   0.107377E+01   0.486736E+00   0.895908E+00   0.700951E+00
   0.829993E+02   0.106619E+01   0.511675E+00   0.878893E+00   0.704069E+00
   0.830993E+02   0.105483E+01   0.538499E+00   0.859316E+00   0.708572E+00
   0.831993E+02   0.103959E+01   0.566519E+00   0.837601E+00   0.714514E+00
   0.832993E+02   0.102050E+01   0.595097E+00   0.814384E+00   0.722267E+00
   0.833993E+02   0.997733E+00   0.623639E+00   0.790458E+00   0.731948E+00
   0.834993E+02   0.971538E+00   0.651750E+00   0.767130E+00   0.743711E+00
   0.835993E+02   0.942260E+00   0.679206E+00   0.745515E+00   0.757494E+00
   0.836993E+02   0.910296E+00   0.705881E+00   0.726480E+00   0.772910E+00
   0.837993E+02   0.876157E+00   0.731765E+00   0.710626E+00   0.789603E+00
   0.838993E+02   0.840439E+00   0.756879E+00   0.698319E+00   0.807103E+00
   0.839993E+02   0.803660E+00   0.781287E+00   0.689874E+00   0.824813E+00
   0.840993E+02   0.766275E+00   0.805067E+00   0.684936E+00   0.842118E+00
   0.841993E+02   0.728864E+00   0.828255E+00   0.682852E+00   0.858583E+00
   0.842993E+02   0.691774E+00   0.850817E+00   0.683092E+00   0.873924E+00
   0.843993E+02   0.655302E+00   0.872722E+00   0.684883E+00   0.887934E+00
   0.844993E+02   0.619716E+00   0.893941E+00   0.687801E+00   0.900519E+00
   0.845993E+02   0.585357E+00   0.914418E+00   0.691378E+00   0.911603E+00
   0.846993E+02   0.552680E+00   0.934066E+00   0.695090E+00   0.921246E+00
   0.847993E+02   0.522101E+00   0.952901E+00   0.698533E+00   0.929356E+00
   0.848993E+02   0.494127E+00   0.970919E+00   0.701672E+00   0.935705E+00
   0.849993E+02   0.469425E+00   0.988125E+00   0.704140E+00   0.940526E+00
   0.850993E+02   0.448588E+00   0.100432E+01   0.705854E+00   0.944010E+00
   0.851993E+02   0.432063E+00   0.101935E+01   0.706783E+00   0.946124E+00
   0.852993E+02   0.420192E+00   0.103307E+01   0.706837E+00   0.946809E+00
   0.853993E+02   0.413209E+00   0.104551E+01   0.706121E+00   0.946157E+00
   0.854993E+02   0.411179E+00   0.105663E+01   0.704792E+00   0.944384E+00
   0.855993E+02   0.414038E+00   0.106585E+01   0.703048E+00   0.941022E+00
   0.856993E+02   0.421665E+00   0.107272E+01   0.701140E+00   0.935735E+00
   0.857993E+02   0.433855E+00   0.107709E+01   0.699704E+00   0.928336E+00
   0.858993E+02   0.450227E+00   0.107868E+01   0.699276E+00   0.918671E+00
   0.859993E+02   0.470287E+00   0.107712E+01   0.699917E+00   0.906573E+00
   0.860993E+02   0.493434E+00   0.107214E+01   0.701883E+00   0.891595E+00
   0.861993E+02   0.518986E+00   0.106353E+01   0.705351E+00   0.873811E+00
   0.862993E+02   0.546225E+00   0.105110E+01   0.710229E+00   0.853567E+00
   0.863993E+02   0.574483E+00   0.103479E+01   0.716661E+00   0.831361E+00
   0.864993E+02   0.603099E+00   0.101465E+01   0.724930E+00   0.807863E+00
   0.865993E+02   0.631571E+00   0.990906E+00   0.735182E+00   0.783964E+00
   0.866992E+02   0.659525E+00   0.963806E+00   0.747490E+00   0.761009E+00
   0.867992E+02   0.686783E+00   0.933732E+00   0.761740E+00   0.740039E+00
   0.868992E+02   0.713242E+00   0.901100E+00   0.777559E+00   0.721828E+00
   0.869992E+02   0.738895E+00   0.866450E+00   0.794545E+00   0.706935E+00
   0.870992E+02   0.763806E+00   0.830381E+00   0.812148E+00   0.695677E+00
   0.871992E+02   0.788032E+00   0.793376E+00   0.829804E+00   0.688314E+00
   0.872992E+02   0.811647E+00   0.755931E+00   0.846912E+00   0.684237E+00
   0.873992E+02   0.834659E+00   0.718552E+00   0.863088E+00   0.682848E+00
   0.874992E+02   0.857044E+00   0.681594E+00   0.878062E+00   0.683550E+00
   0.875992E+02   0.878766E+00   0.645315E+00   0.891683E+00   0.685702E+00
   0.876992E+02   0.899791E+00   0.610013E+00   0.903844E+00   0.688858E+00
   0.877992E+02   0.920041E+00   0.576060E+00   0.914518E+00   0.692506E+00
   0.878992E+02   0.939472E+00   0.543901E+00   0.923761E+00   0.696180E+00
   0.879992E+02   0.958074E+00   0.513990E+00   0.931356E+00   0.699585E+00
   0.880992E+02   0.975890E+00   0.486871E+00   0.937204E+00   0.702513E+00
   0.881992E+02   0.992831E+00   0.463175E+00   0.941649E+00   0.704761E+00
   0.882992E+02   0.100871E+01   0.443504E+00   0.944750E+00   0.706257E+00
   0.883992E+02   0.102340E+01   0.428246E+00   0.946485E+00   0.706927E+00
   0.884992E+02   0.103673E+01   0.417721E+00   0.946719E+00   0.706787E+00
   0.885992E+02   0.104884E+01   0.412123E+00   0.945751E+00   0.705891E+00
   0.886992E+02   0.105953E+01   0.411475E+00   0.943609E+00   0.704425E+00
   0.887992E+02   0.106812E+01   0.415692E+00   0.939744E+00   0.702609E+00
   0.888992E+02   0.107432E+01   0.424626E+00   0.933888E+00   0.700713E+00
   0.889992E+02   0.107794E+01   0.438039E+00   0.925879E+00   0.699519E+00
   0.899897E+02   0.948715E+00   0.663650E+00   0.768783E+00   0.755348E+00
   0.909802E+02   0.671449E+00   0.879512E+00   0.665709E+00   0.875405E+00
   0.919707E+02   0.486903E+00   0.102140E+01   0.656806E+00   0.934805E+00
   0.929613E+02   0.523631E+00   0.104246E+01   0.704857E+00   0.880329E+00
   0.939518E+02   0.698533E+00   0.890515E+00   0.801263E+00   0.753699E+00
   0.949423E+02   0.877762E+00   0.659275E+00   0.905156E+00   0.640507E+00
   0.959328E+02   0.995740E+00   0.518282E+00   0.948541E+00   0.584593E+00
   0.969233E+02   0.991791E+00   0.557038E+00   0.897928E+00   0.619974E+00
   0.979138E+02   0.840510E+00   0.709212E+00   0.779884E+00   0.742912E+00
   0.989043E+02   0.632288E+00   0.867104E+00   0.671376E+00   0.866204E+00
   0.998948E+02   0.507223E+00   0.968797E+00   0.620627E+00   0.909354E+00
   0.100885E+03   0.543317E+00   0.953377E+00   0.658736E+00   0.845927E+00
   0.101876E+03   0.688420E+00   0.808792E+00   0.768189E+00   0.716276E+00
   0.102866E+03   0.842677E+00   0.617710E+00   0.863766E+00   0.608212E+00
   0.103857E+03   0.941163E+00   0.499833E+00   0.888072E+00   0.573315E+00
   0.104847E+03   0.927204E+00   0.529255E+00   0.814422E+00   0.631343E+00
   0.890992E+02   0.107868E+01   0.455460E+00   0.915557E+00   0.699359E+00
   0.891992E+02   0.107619E+01   0.476481E+00   0.902679E+00   0.700318E+00
   0.892992E+02   0.107022E+01   0.500404E+00   0.886912E+00   0.702822E+00
   0.893992E+02   0.106056E+01   0.526510E+00   0.868405E+00   0.706671E+00
   0.894992E+02   0.104705E+01   0.554091E+00   0.847562E+00   0.711930E+00
   0.895992E+02   0.102965E+01   0.582533E+00   0.824908E+00   0.718846E+00
   0.896992E+02   0.100848E+01   0.611164E+00   0.801189E+00   0.727647E+00
   0.897992E+02   0.983763E+00   0.639510E+00   0.777454E+00   0.738470E+00
   0.898992E+02   0.955779E+00   0.667279E+00   0.754994E+00   0.751341E+00
   0.899992E+02   0.924928E+00   0.694317E+00   0.734735E+00   0.766073E+00
   0.900992E+02   0.891654E+00   0.720559E+00   0.717419E+00   0.782257E+00
   0.901992E+02   0.856540E+00   0.746004E+00   0.703509E+00   0.799468E+00
   0.902992E+02   0.820141E+00   0.770712E+00   0.693312E+00   0.817133E+00
   0.903992E+02   0.782932E+00   0.794764E+00   0.686949E+00   0.834679E+00
   0.904992E+02   0.745454E+00   0.818213E+00   0.683661E+00   0.851547E+00
   0.905992E+02   0.708144E+00   0.841059E+00   0.682922E+00   0.867409E+00
   0.906992E+02   0.671345E+00   0.863257E+00   0.684107E+00   0.882022E+00
   0.907992E+02   0.635294E+00   0.884790E+00   0.686586E+00   0.895263E+00
   0.908992E+02   0.600309E+00   0.905624E+00   0.689949E+00   0.907008E+00
   0.909992E+02   0.566810E+00   0.925640E+00   0.693622E+00   0.917293E+00
   0.910982E+02   0.535515E+00   0.944658E+00   0.697193E+00   0.926073E+00
   0.911973E+02   0.506554E+00   0.962860E+00   0.700467E+00   0.933144E+00
   0.912963E+02   0.480509E+00   0.980308E+00   0.703202E+00   0.938541E+00
   0.913954E+02   0.457971E+00   0.996851E+00   0.705257E+00   0.942572E+00
   0.914944E+02   0.439484E+00   0.101231E+01   0.706556E+00   0.945355E+00
   0.915935E+02   0.425438E+00   0.102657E+01   0.707009E+00   0.946754E+00
   0.916926E+02   0.416070E+00   0.103945E+01   0.706682E+00   0.946642E+00
   0.917916E+02   0.411555E+00   0.105120E+01   0.705651E+00   0.945441E+00
   0.918907E+02   0.411891E+00   0.106148E+01   0.704102E+00   0.942988E+00
   0.919897E+02   0.416986E+00   0.106954E+01   0.702252E+00   0.938801E+00
   0.920888E+02   0.426655E+00   0.107523E+01   0.700449E+00   0.932628E+00
   0.921878E+02   0.440698E+00   0.107835E+01   0.699417E+00   0.924315E+00
   0.922869E+02   0.458622E+00   0.107859E+01   0.699410E+00   0.913706E+00
   0.923859E+02   0.479921E+00   0.107561E+01   0.700552E+00   0.900513E+00
   0.924850E+02   0.503966E+00   0.106919E+01   0.703169E+00   0.884492E+00
   0.925840E+02   0.530071E+00   0.105911E+01   0.707204E+00   0.865838E+00
   0.820993E+02   0.102931E+01   0.423081E+00   0.946701E+00   0.706661E+00
   0.821993E+02   0.104206E+01   0.414720E+00   0.946343E+00   0.706150E+00
   0.822993E+02   0.105359E+01   0.411311E+00   0.944874E+00   0.704972E+00
   0.823993E+02   0.106342E+01   0.412813E+00   0.941997E+00   0.703327E+00
   0.824993E+02   0.107095E+01   0.419121E+00   0.937274E+00   0.701443E+00
   0.825993E+02   0.107604E+01   0.430061E+00   0.930485E+00   0.699809E+00
   0.826993E+02   0.107844E+01   0.445308E+00   0.921479E+00   0.699069E+00
   0.827993E+02   0.107779E+01   0.464384E+00   0.910084E+00   0.699399E+00
   0.828993E+02   0.107377E+01   0.486736E+00   0.895908E+00   0.700951E+00
   0.829993E+02   0.106619E+01   0.511675E+00   0.878893E+00   0.704069E+00
   0.830993E+02   0.105483E+01   0.538499E+00   0.859316E+00   0.708572E+00
   0.831993E+02   0.103959E+01   0.566519E+00   0.837601E+00   0.714514E+00
   0.832993E+02   0.102050E+01   0.595097E+00   0.814384E+00   0.722267E+00
   0.833993E+02   0.997733E+00   0.623639E+00   0.790458E+00   0.731948E+00
   0.834993E+02   0.971538E+00   0.651750E+00   0.767130E+00   0.743711E+00
   0.835993E+02   0.942260E+00   0.679206E+00   0.745515E+00   0.757494E+00
   0.836993E+02   0.910296E+00   0.705881E+00   0.726480E+00   0.772910E+00
   0.837993E+02   0.876157E+00   0.731765E+00   0.710626E+00   0.789603E+00
   0.838993E+02   0.840439E+00   0.756879E+00   0.698319E+00   0.807103E+00
   0.839993E+02   0.803660E+00   0.781287E+00   0.689874E+00   0.824813E+00
   0.840993E+02   0.766275E+00   0.805067E+00   0.684936E+00   0.842118E+00
   0.841993E+02   0.728864E+00   0.828255E+00   0.682852E+00   0.858583E+00
   0.842993E+02   0.691774E+00   0.850817E+00   0.683092E+00   0.873924E+00
   0.843993E+02   0.655302E+00   0.872722E+00   0.684883E+00   0.887934E+00
   0.844993E+02   0.619716E+00   0.893941E+00   0.687801E+00   0.900519E+00
   0.845993E+02   0.585357E+00   0.914418E+00   0.691378E+00   0.911603E+00
   0.846993E+02   0.552680E+00   0.934066E+00   0.695090E+00   0.921246E+00
   0.847993E+02   0.522101E+00   0.952901E+00   0.698533E+00   0.929356E+00
   0.848993E+02   0.494127E+00   0.970919E+00   0.701672E+00   0.935705E+00
   0.849993E+02   0.469425E+00   0.988125E+00   0.704140E+00   0.940526E+00
   0.850993E+02   0.448588E+00   0.100432E+01   0.705854E+00   0.944010E+00
   0.851993E+02   0.432063E+00   0.101935E+01   0.706783E+00   0.946124E+00
   0.852993E+02   0.420192E+00   0.103307E+01   0.706837E+00   0.946809E+00
   0.853993E+02   0.413209E+00   0.104551E+01   0.706121E+00   0.946157E+00
   0.854993E+02   0.411179E+00   0.105663E+01   0.704792E+00   0.944384E+00
   0.855993E+02   0.414038E+00   0.106585E+01   0.703048E+00   0.941022E+00
   0.856993E+02   0.421665E+00   0.107272E+01   0.701140E+00   0.935735E+00
   0.857993E+02   0.433855E+00   0.107709E+01   0.699704E+00   0.928336E+00
   0.858993E+02   0.450227E+00   0.107868E+01   0.699276E+00   0.918671E+00
   0.859993E+02   0.470287E+00   0.107712E+01   0.699917E+00   0.906573E+00
   0.860993E+02   0.493434E+00   0.107214E+01   0.701883E+00   0.891595E+00
   0.861993E+02   0.518986E+00   0.106353E+01   0.705351E+00   0.873811E+00
   0.862993E+02   0.546225E+00   0.105110E+01   0.710229E+00   0.853567E+00
   0.863993E+02   0.574483E+00   0.103479E+01   0.716661E+00   0.831361E+00
   0.864993E+02   0.603099E+00   0.101465E+01   0.724930E+00   0.807863E+00
   0.865993E+02   0.631571E+00   0.990906E+00   0.735182E+00   0.783964E+00
   0.866992E+02   0.659525E+00   0.963806E+00   0.747490E+00   0.761009E+00
   0.867992E+02   0.686783E+00   0.933732E+00   0.761740E+00   0.740039E+00
   0.868992E+02   0.713242E+00   0.901100E+00   0.777559E+00   0.721828E+00
   0.869992E+02   0.738895E+00   0.866450E+00   0.794545E+00   0.706935E+00
   0.870992E+02   0.763806E+00   0.830381E+00   0.812148E+00   0.695677E+00
   0.871992E+02   0.788032E+00   0.793376E+00   0.829804E+00   0.688314E+00
   0.872992E+02   0.811647E+00   0.755931E+00   0.846912E+00   0.684237E+00
   0.873992E+02   0.834659E+00   0.718552E+00   0.863088E+00   0.682848E+00
   0.874992E+02   0.857044E+00   0.681594E+00   0.878062E+00   0.683550E+00
   0.875992E+02   0.878766E+00   0.645315E+00   0.891683E+00   0.685702E+00
   0.876992E+02   0.899791E+00   0.610013E+00   0.903844E+00   0.688858E+00
   0.877992E+02   0.920041E+00   0.576060E+00   0.914518E+00   0.692506E+00
   0.878992E+02   0.939472E+00   0.543901E+00   0.923761E+00   0.696180E+00
   0.879992E+02   0.958074E+00   0.513990E+00   0.931356E+00   0.699585E+00
   0.880992E+02   0.975890E+00   0.486871E+00   0.937204E+00   0.702513E+00
   0.881992E+02   0.992831E+00   0.463175E+00   0.941649E+00   0.704761E+00
   0.882992E+02   0.100871E+01   0.443504E+00   0.944750E+00   0.706257E+00
   0.883992E+02   0.102340E+01   0.428246E+00   0.946485E+00   0.706927E+00
   0.884992E+02   0.103673E+01   0.417721E+00   0.946719E+00   0.706787E+00
   0.885992E+02   0.104884E+01   0.412123E+00   0.945751E+00   0.705891E+00
   0.886992E+02   0.105953E+01   0.411475E+00   0.943609E+00   0.704425E+00
   0.887992E+02   0.106812E+01   0.415692E+00   0.939744E+00   0.702609E+00
   0.888992E+02   0.107432E+01   0.424626E+00   0.933888E+00   0.700713E+00
   0.889992E+02   0.107794E+01   0.438039E+00   0.925879E+00   0.699519E+00
   0.890992E+02   0.107868E+01   0.455460E+00   0.915557E+00   0.699359E+00
   0.891992E+02   0.107619E+01   0.476481E+00   0.902679E+00   0.700318E+00
   0.892992E+02   0.107022E+01   0.500404E+00   0.886912E+00   0.702822E+00
   0.893992E+02   0.106056E+01   0.526510E+00   0.868405E+00   0.706671E+00
   0.894992E+02   0.104705E+01   0.554091E+00   0.847562E+00   0.711930E+00
   0.895992E+02   0.102965E+01   0.582533E+00   0.824908E+00   0.718846E+00
   0.896992E+02   0.100848E+01   0.611164E+00   0.801189E+00   0.727647E+00
   0.897992E+02   0.983763E+00   0.639510E+00   0.777454E+00   0.738470E+00
   0.898992E+02   0.955779E+00   0.667279E+00   0.754994E+00   0.751341E+00
   0.899992E+02   0.924928E+00   0.694317E+00   0.734735E+00   0.766073E+00
   0.900992E+02   0.891654E+00   0.720559E+00   0.717419E+00   0.782257E+00
   0.901992E+02   0.856540E+00   0.746004E+00   0.703509E+00   0.799468E+00
   0.902992E+02   0.820141E+00   0.770712E+00   0.693312E+00   0.817133E+00
   0.903992E+02   0.782932E+00   0.794764E+00   0.686949E+00   0.834679E+00
   0.904992E+02   0.745454E+00   0.818213E+00   0.683661E+00   0.851547E+00
   0.905992E+02   0.708144E+00   0.841059E+00   0.682922E+00   0.867409E+00
   0.906992E+02   0.671345E+00   0.863257E+00   0.684107E+00   0.882022E+00
   0.907992E+02   0.635294E+00   0.884790E+00   0.686586E+00   0.895263E+00
   0.908992E+02   0.600309E+00   0.905624E+00   0.689949E+00   0.907008E+00
   0.909992E+02   0.566810E+00   0.925640E+00   0.693622E+00   0.917293E+00
   0.910992E+02   0.535227E+00   0.944837E+00   0.697228E+00   0.926151E+00
   0.911992E+02   0.506032E+00   0.963198E+00   0.700524E+00   0.933264E+00
   0.912992E+02   0.479813E+00   0.980795E+00   0.703267E+00   0.938679E+00
   0.913992E+02   0.457194E+00   0.997463E+00   0.705333E+00   0.942693E+00
   0.914992E+02   0.438719E+00   0.101302E+01   0.706596E+00   0.945454E+00
   0.915992E+02   0.424773E+00   0.102735E+01   0.707007E+00   0.946794E+00
   0.916992E+02   0.415618E+00   0.104027E+01   0.706630E+00   0.946613E+00
   0.917992E+02   0.411413E+00   0.105204E+01   0.705548E+00   0.945322E+00
   0.918992E+02   0.412120E+00   0.106225E+01   0.703951E+00   0.942708E+00
   0.919992E+02   0.417683E+00   0.107018E+01   0.702074E+00   0.938299E+00
   0.920982E+02   0.427811E+00   0.107564E+01   0.700330E+00   0.931929E+00
   0.921973E+02   0.442237E+00   0.107851E+01   0.699395E+00   0.923405E+00
   0.922963E+02   0.460504E+00   0.107845E+01   0.699480E+00   0.912565E+00
   0.923954E+02   0.482093E+00   0.107515E+01   0.700750E+00   0.899102E+00
   0.924944E+02   0.506364E+00   0.106839E+01   0.703516E+00   0.882806E+00
   0.925935E+02   0.532626E+00   0.105795E+01   0.707677E+00   0.863917E+00
   0.926925E+02   0.560180E+00   0.104372E+01   0.713227E+00   0.842827E+00
   0.927916E+02   0.588446E+00   0.102568E+01   0.720477E+00   0.820101E+00
   0.928906E+02   0.616790E+00   0.100398E+01   0.729589E+00   0.796489E+00
   0.929897E+02   0.644775E+00   0.978842E+00   0.740706E+00   0.773132E+00
   0.930887E+02   0.672156E+00   0.950566E+00   0.753836E+00   0.751200E+00
   0.931878E+02   0.698795E+00   0.919548E+00   0.768713E+00   0.731606E+00
   0.932868E+02   0.724655E+00   0.886237E+00   0.784949E+00   0.715000E+00
   0.933859E+02   0.749752E+00   0.851210E+00   0.802117E+00   0.701785E+00
   0.934850E+02   0.774132E+00   0.815000E+00   0.819642E+00   0.692270E+00
   0.935840E+02   0.797880E+00   0.778057E+00   0.836948E+00   0.686437E+00
   0.936831E+02   0.821034E+00   0.740934E+00   0.853558E+00   0.683515E+00
   0.937821E+02   0.843594E+00   0.704001E+00   0.869152E+00   0.683078E+00
   0.938812E+02   0.865522E+00   0.667611E+00   0.883463E+00   0.684363E+00
   0.939802E+02   0.886787E+00   0.631983E+00   0.896434E+00   0.686935E+00
   0.940793E+02   0.907363E+00   0.597433E+00   0.907939E+00   0.690326E+00
   0.941783E+02   0.927125E+00   0.564378E+00   0.918004E+00   0.693994E+00
   0.942774E+02   0.946085E+00   0.533228E+00   0.926675E+00   0.697556E+00
   0.943764E+02   0.964218E+00   0.504466E+00   0.933623E+00   0.700794E+00
   0.944755E+02   0.981610E+00   0.478645E+00   0.938916E+00   0.703469E+00
   0.945745E+02   0.998085E+00   0.456394E+00   0.942849E+00   0.705477E+00
   0.946736E+02   0.101346E+01   0.438231E+00   0.945527E+00   0.706695E+00
   0.947726E+02   0.102763E+01   0.424522E+00   0.946818E+00   0.707077E+00
   0.948717E+02   0.104042E+01   0.415523E+00   0.946621E+00   0.706679E+00
   0.949707E+02   0.105207E+01   0.411382E+00   0.945338E+00   0.705593E+00
   0.950698E+02   0.106220E+01   0.412067E+00   0.942763E+00   0.704002E+00
   0.951688E+02   0.107009E+01   0.417516E+00   0.938429E+00   0.702134E+00
   0.952679E+02   0.107560E+01   0.427558E+00   0.932102E+00   0.700369E+00
   0.953670E+02   0.107852E+01   0.441913E+00   0.923622E+00   0.699407E+00
   0.954660E+02   0.107852E+01   0.460119E+00   0.912827E+00   0.699468E+00
   0.955651E+02   0.107529E+01   0.481655E+00   0.899418E+00   0.700710E+00
   0.956641E+02   0.106860E+01   0.505886E+00   0.883174E+00   0.703445E+00
   0.957632E+02   0.105824E+01   0.532122E+00   0.864331E+00   0.707581E+00
   0.958622E+02   0.104407E+01   0.559662E+00   0.843279E+00   0.713107E+00
   0.959613E+02   0.102611E+01   0.587923E+00   0.820579E+00   0.720323E+00
   0.960603E+02   0.100447E+01   0.616271E+00   0.796978E+00   0.729401E+00
   0.961594E+02   0.979398E+00   0.644267E+00   0.773609E+00   0.740478E+00
   0.962584E+02   0.951174E+00   0.671662E+00   0.751646E+00   0.753574E+00
   0.963575E+02   0.920202E+00   0.698314E+00   0.732007E+00   0.768422E+00
   0.964565E+02   0.886926E+00   0.724190E+00   0.715348E+00   0.784637E+00
   0.965556E+02   0.851921E+00   0.749303E+00   0.702074E+00   0.801793E+00
   0.966546E+02   0.815723E+00   0.773697E+00   0.692491E+00   0.819315E+00
   0.967537E+02   0.778785E+00   0.797456E+00   0.686601E+00   0.836633E+00
