   0.100000E+00   0.518665E-01   0.120185E+00   0.948832E-01   0.970979E-01
   0.200000E+00   0.484011E-01   0.123968E+00   0.946694E-01   0.970766E-01
   0.300000E+00   0.449426E-01   0.127124E+00   0.944631E-01   0.970434E-01
   0.400000E+00   0.416382E-01   0.130145E+00   0.942409E-01   0.969624E-01
   0.500000E+00   0.381198E-01   0.133352E+00   0.940170E-01   0.968786E-01
   0.600000E+00   0.342807E-01   0.136844E+00   0.937862E-01   0.967930E-01
   0.700000E+00   0.300764E-01   0.140666E+00   0.935479E-01   0.967039E-01
   0.800000E+00   0.254594E-01   0.144849E+00   0.933022E-01   0.966127E-01
   0.900000E+00   0.203865E-01   0.149416E+00   0.930492E-01   0.965203E-01
   0.100000E+01   0.148153E-01   0.154382E+00   0.927891E-01   0.964271E-01
   0.110000E+01   0.870698E-02   0.159756E+00   0.925223E-01   0.963334E-01
   0.120000E+01   0.202740E-02   0.165536E+00   0.922487E-01   0.962393E-01
   0.130000E+01  -0.524745E-02   0.171712E+00   0.919685E-01   0.961449E-01
   0.140000E+01  -0.131280E-01   0.178264E+00   0.916812E-01   0.960497E-01
   0.150000E+01  -0.216011E-01   0.185166E+00   0.913884E-01   0.959549E-01
   0.160000E+01  -0.306399E-01   0.192374E+00   0.910888E-01   0.958594E-01
   0.170000E+01  -0.401927E-01   0.199837E+00   0.907824E-01   0.957631E-01
   0.180000E+01  -0.501875E-01   0.207487E+00   0.904689E-01   0.956659E-01
   0.190000E+01  -0.605354E-01   0.215251E+00   0.901485E-01   0.955680E-01
   0.200000E+01  -0.711271E-01   0.223048E+00   0.898208E-01   0.954689E-01
   0.210000E+01  -0.818459E-01   0.230802E+00   0.894858E-01   0.953691E-01
   0.220000E+01  -0.925657E-01   0.238426E+00   0.891435E-01   0.952685E-01
   0.230000E+01  -0.103166E+00   0.245900E+00   0.887936E-01   0.951672E-01
   0.240000E+01  -0.113536E+00   0.253176E+00   0.884358E-01   0.950652E-01
   0.250000E+01  -0.123569E+00   0.260216E+00   0.880700E-01   0.949628E-01
   0.260000E+01  -0.133180E+00   0.266919E+00   0.876960E-01   0.948601E-01
   0.270000E+01  -0.142304E+00   0.273255E+00   0.873135E-01   0.947574E-01
   0.280000E+01  -0.150889E+00   0.279224E+00   0.869225E-01   0.946551E-01
   0.290000E+01  -0.158889E+00   0.284836E+00   0.865226E-01   0.945538E-01
   0.300000E+01  -0.166279E+00   0.290106E+00   0.861137E-01   0.944538E-01
   0.310000E+01  -0.173091E+00   0.295052E+00   0.856953E-01   0.943553E-01
   0.320000E+01  -0.179355E+00   0.299665E+00   0.852673E-01   0.942588E-01
   0.330000E+01  -0.185063E+00   0.303928E+00   0.848292E-01   0.941647E-01
   0.340000E+01  -0.190204E+00   0.307822E+00   0.843806E-01   0.940754E-01
   0.350000E+01  -0.194784E+00   0.311330E+00   0.839210E-01   0.939925E-01
   0.360000E+01  -0.198822E+00   0.314426E+00   0.834501E-01   0.939154E-01
   0.370000E+01  -0.202341E+00   0.317112E+00   0.829670E-01   0.938434E-01
   0.380000E+01  -0.205376E+00   0.319397E+00   0.824713E-01   0.937772E-01
   0.390000E+01  -0.207959E+00   0.321293E+00   0.819621E-01   0.937185E-01
   0.400000E+01  -0.210106E+00   0.322807E+00   0.814385E-01   0.936680E-01
   0.410000E+01  -0.211831E+00   0.323941E+00   0.808998E-01   0.936244E-01
   0.420000E+01  -0.213145E+00   0.324702E+00   0.803449E-01   0.935896E-01
   0.430000E+01  -0.214063E+00   0.325108E+00   0.797727E-01   0.935685E-01
   0.440000E+01  -0.214609E+00   0.325172E+00   0.791816E-01   0.935637E-01
   0.450000E+01  -0.214805E+00   0.324897E+00   0.785705E-01   0.935772E-01
   0.460000E+01  -0.214711E+00   0.324300E+00   0.779376E-01   0.936107E-01
   0.470000E+01  -0.214344E+00   0.323387E+00   0.772814E-01   0.936660E-01
   0.480000E+01  -0.213749E+00   0.322173E+00   0.766000E-01   0.937452E-01
   0.490000E+01  -0.212934E+00   0.320700E+00   0.758916E-01   0.938498E-01
   0.500000E+01  -0.211842E+00   0.318884E+00   0.751538E-01   0.939813E-01
   0.510000E+01  -0.210494E+00   0.316706E+00   0.743848E-01   0.941407E-01
   0.520000E+01  -0.208956E+00   0.314242E+00   0.735822E-01   0.943284E-01
   0.530000E+01  -0.207266E+00   0.311544E+00   0.727436E-01   0.945445E-01
   0.540000E+01  -0.205432E+00   0.308652E+00   0.718668E-01   0.947895E-01
   0.550000E+01  -0.203501E+00   0.305561E+00   0.709502E-01   0.950641E-01
   0.560000E+01  -0.201478E+00   0.302258E+00   0.699921E-01   0.953683E-01
   0.570000E+01  -0.199377E+00   0.298835E+00   0.689915E-01   0.957019E-01
   0.580000E+01  -0.197290E+00   0.295260E+00   0.679477E-01   0.960644E-01
   0.590000E+01  -0.195198E+00   0.291408E+00   0.668600E-01   0.964547E-01
   0.600000E+01  -0.193071E+00   0.287230E+00   0.657282E-01   0.968715E-01
   0.610000E+01  -0.190843E+00   0.282718E+00   0.645531E-01   0.973131E-01
   0.620000E+01  -0.188516E+00   0.277896E+00   0.633364E-01   0.977770E-01
   0.630000E+01  -0.186094E+00   0.272787E+00   0.620798E-01   0.982608E-01
   0.640000E+01  -0.183575E+00   0.267414E+00   0.607863E-01   0.987617E-01
   0.650000E+01  -0.180958E+00   0.261804E+00   0.594597E-01   0.992767E-01
   0.660000E+01  -0.178244E+00   0.256002E+00   0.581047E-01   0.998027E-01
   0.670000E+01  -0.175436E+00   0.250038E+00   0.567268E-01   0.100337E+00
   0.680000E+01  -0.172532E+00   0.243946E+00   0.553319E-01   0.100875E+00
   0.690000E+01  -0.169539E+00   0.237771E+00   0.539252E-01   0.101415E+00
   0.700000E+01  -0.166480E+00   0.231540E+00   0.525127E-01   0.101954E+00
   0.710000E+01  -0.163384E+00   0.225297E+00   0.511020E-01   0.102489E+00
   0.720000E+01  -0.160257E+00   0.219089E+00   0.497009E-01   0.103018E+00
   0.730000E+01  -0.157104E+00   0.212890E+00   0.483174E-01   0.103539E+00
   0.740000E+01  -0.153900E+00   0.206705E+00   0.469592E-01   0.104052E+00
   0.750000E+01  -0.150652E+00   0.200563E+00   0.456332E-01   0.104554E+00
   0.760000E+01  -0.147356E+00   0.194538E+00   0.443457E-01   0.105046E+00
   0.770000E+01  -0.144009E+00   0.188630E+00   0.431019E-01   0.105527E+00
   0.779999E+01  -0.140597E+00   0.182834E+00   0.419064E-01   0.105998E+00
   0.789999E+01  -0.137139E+00   0.177162E+00   0.407627E-01   0.106459E+00
   0.799999E+01  -0.133631E+00   0.171625E+00   0.396736E-01   0.106910E+00
   0.809999E+01  -0.130065E+00   0.166256E+00   0.386406E-01   0.107353E+00
   0.820000E+01  -0.126429E+00   0.161072E+00   0.376642E-01   0.107789E+00
   0.830000E+01  -0.122719E+00   0.156099E+00   0.367440E-01   0.108219E+00
   0.840000E+01  -0.118933E+00   0.151369E+00   0.358789E-01   0.108645E+00
   0.850000E+01  -0.115058E+00   0.146881E+00   0.350652E-01   0.109067E+00
   0.860000E+01  -0.111087E+00   0.142639E+00   0.342990E-01   0.109488E+00
   0.870000E+01  -0.107031E+00   0.138637E+00   0.335766E-01   0.109907E+00
   0.880000E+01  -0.102902E+00   0.134883E+00   0.328937E-01   0.110326E+00
   0.890000E+01  -0.986917E-01   0.131372E+00   0.322452E-01   0.110746E+00
   0.900000E+01  -0.944209E-01   0.128125E+00   0.316267E-01   0.111168E+00
   0.910000E+01  -0.900750E-01   0.125127E+00   0.310315E-01   0.111591E+00
   0.920000E+01  -0.856684E-01   0.122394E+00   0.304542E-01   0.112015E+00
   0.930000E+01  -0.812103E-01   0.119916E+00   0.298882E-01   0.112440E+00
   0.940000E+01  -0.767165E-01   0.117682E+00   0.293275E-01   0.112867E+00
   0.950000E+01  -0.721893E-01   0.115683E+00   0.287657E-01   0.113294E+00
   0.960000E+01  -0.676617E-01   0.113896E+00   0.281967E-01   0.113719E+00
   0.970000E+01  -0.631633E-01   0.112311E+00   0.276141E-01   0.114143E+00
   0.980000E+01  -0.587116E-01   0.110912E+00   0.270125E-01   0.114562E+00
   0.990000E+01  -0.543243E-01   0.109680E+00   0.263856E-01   0.114976E+00
   0.100000E+02  -0.500108E-01   0.108595E+00   0.257272E-01   0.115381E+00
   0.101000E+02  -0.457851E-01   0.107640E+00   0.250313E-01   0.115776E+00
   0.102000E+02  -0.416767E-01   0.106785E+00   0.242933E-01   0.116158E+00
   0.103000E+02  -0.377142E-01   0.106014E+00   0.235070E-01   0.116523E+00
   0.104000E+02  -0.339144E-01   0.105310E+00   0.226672E-01   0.116869E+00
   0.105000E+02  -0.302916E-01   0.104655E+00   0.217691E-01   0.117193E+00
   0.106000E+02  -0.268637E-01   0.104030E+00   0.208083E-01   0.117490E+00
   0.107000E+02  -0.236453E-01   0.103410E+00   0.197811E-01   0.117758E+00
   0.108000E+02  -0.206453E-01   0.102781E+00   0.186842E-01   0.117992E+00
   0.109000E+02  -0.178810E-01   0.102119E+00   0.175139E-01   0.118190E+00
   0.110000E+02  -0.153726E-01   0.101407E+00   0.162672E-01   0.118347E+00
   0.111000E+02  -0.131272E-01   0.100633E+00   0.149432E-01   0.118461E+00
   0.112000E+02  -0.111641E-01   0.997707E-01   0.135393E-01   0.118532E+00
   0.113000E+02  -0.949485E-02   0.988059E-01   0.120556E-01   0.118557E+00
   0.114000E+02  -0.811880E-02   0.977174E-01   0.104922E-01   0.118532E+00
   0.115000E+02  -0.705707E-02   0.964936E-01   0.884911E-02   0.118455E+00
   0.116000E+02  -0.631154E-02   0.951139E-01   0.712708E-02   0.118322E+00
   0.117000E+02  -0.587872E-02   0.935618E-01   0.532645E-02   0.118126E+00
   0.118000E+02  -0.576627E-02   0.918246E-01   0.344933E-02   0.117863E+00
   0.119000E+02  -0.597159E-02   0.898866E-01   0.149842E-02   0.117526E+00
   0.120000E+02  -0.648725E-02   0.877367E-01  -0.523911E-03   0.117114E+00
   0.121000E+02  -0.731472E-02   0.853721E-01  -0.261419E-02   0.116625E+00
   0.122000E+02  -0.843189E-02   0.827861E-01  -0.476808E-02   0.116058E+00
   0.123000E+02  -0.982897E-02   0.799778E-01  -0.698249E-02   0.115409E+00
   0.124000E+02  -0.114971E-01   0.769417E-01  -0.925089E-02   0.114679E+00
   0.125000E+02  -0.134409E-01   0.736781E-01  -0.115635E-01   0.113873E+00
   0.126000E+02  -0.156337E-01   0.701894E-01  -0.139171E-01   0.112979E+00
   0.127000E+02  -0.180572E-01   0.664794E-01  -0.163175E-01   0.112007E+00
   0.128000E+02  -0.207013E-01   0.625648E-01  -0.187522E-01   0.110959E+00
   0.129000E+02  -0.235277E-01   0.584550E-01  -0.212128E-01   0.109836E+00
   0.130000E+02  -0.265227E-01   0.541627E-01  -0.237017E-01   0.108643E+00
   0.131000E+02  -0.296272E-01   0.497048E-01  -0.261885E-01   0.107371E+00
   0.132000E+02  -0.328482E-01   0.451158E-01  -0.286922E-01   0.106036E+00
   0.133000E+02  -0.361690E-01   0.404298E-01  -0.312024E-01   0.104657E+00
   0.134000E+02  -0.395731E-01   0.356762E-01  -0.337088E-01   0.103224E+00
   0.135000E+02  -0.430263E-01   0.308879E-01  -0.362032E-01   0.101741E+00
   0.136000E+02  -0.464943E-01   0.261000E-01  -0.386806E-01   0.100215E+00
   0.137000E+02  -0.499591E-01   0.213405E-01  -0.411215E-01   0.986554E-01
   0.138000E+02  -0.533709E-01   0.166464E-01  -0.435291E-01   0.970740E-01
   0.139000E+02  -0.567145E-01   0.120555E-01  -0.458926E-01   0.954820E-01
   0.140000E+02  -0.599797E-01   0.759952E-02  -0.482032E-01   0.938907E-01
   0.141000E+02  -0.631354E-01   0.331558E-02  -0.504504E-01   0.923146E-01
   0.142000E+02  -0.661651E-01  -0.762017E-03  -0.526299E-01   0.907741E-01
   0.143000E+02  -0.690940E-01  -0.459667E-02  -0.547217E-01   0.892870E-01
   0.144000E+02  -0.718927E-01  -0.815244E-02  -0.567240E-01   0.878466E-01
   0.145000E+02  -0.744982E-01  -0.113949E-01  -0.586211E-01   0.864601E-01
   0.146000E+02  -0.768963E-01  -0.142933E-01  -0.604028E-01   0.851361E-01
   0.147000E+02  -0.790473E-01  -0.168141E-01  -0.620572E-01   0.838874E-01
   0.148000E+02  -0.809199E-01  -0.189363E-01  -0.635800E-01   0.827217E-01
   0.149000E+02  -0.824672E-01  -0.206320E-01  -0.649575E-01   0.816556E-01
   0.150000E+02  -0.836671E-01  -0.218810E-01  -0.661775E-01   0.806761E-01
   0.151000E+02  -0.845033E-01  -0.226705E-01  -0.672387E-01   0.797816E-01
   0.152000E+02  -0.849455E-01  -0.229822E-01  -0.681255E-01   0.789926E-01
   0.153000E+02  -0.849790E-01  -0.228163E-01  -0.688360E-01   0.783364E-01
   0.154000E+02  -0.845950E-01  -0.221487E-01  -0.693625E-01   0.778282E-01
   0.155000E+02  -0.837840E-01  -0.210032E-01  -0.697026E-01   0.774742E-01
   0.156000E+02  -0.825550E-01  -0.194237E-01  -0.698555E-01   0.772766E-01
   0.157000E+02  -0.808882E-01  -0.174315E-01  -0.698011E-01   0.772493E-01
   0.158000E+02  -0.787823E-01  -0.151145E-01  -0.694994E-01   0.774010E-01
   0.159000E+02  -0.762550E-01  -0.123823E-01  -0.689896E-01   0.777313E-01
   0.160000E+02  -0.732723E-01  -0.925465E-02  -0.682869E-01   0.782526E-01
   0.161000E+02  -0.698636E-01  -0.575544E-02  -0.674025E-01   0.789663E-01
   0.162000E+02  -0.660475E-01  -0.186469E-02  -0.663285E-01   0.798799E-01
   0.163000E+02  -0.618310E-01   0.239029E-02  -0.650991E-01   0.809860E-01
   0.164000E+02  -0.572288E-01   0.697878E-02  -0.637251E-01   0.822820E-01
   0.165000E+02  -0.522844E-01   0.118814E-01  -0.622013E-01   0.837656E-01
   0.166000E+02  -0.470324E-01   0.170387E-01  -0.604775E-01   0.854451E-01
   0.167000E+02  -0.414799E-01   0.223830E-01  -0.585697E-01   0.873091E-01
   0.168000E+02  -0.356853E-01   0.278614E-01  -0.565030E-01   0.893437E-01
   0.169000E+02  -0.297278E-01   0.334311E-01  -0.542975E-01   0.915383E-01
   0.170000E+02  -0.236566E-01   0.390414E-01  -0.519498E-01   0.938906E-01
   0.171000E+02  -0.175260E-01   0.446533E-01  -0.495055E-01   0.964121E-01
   0.172000E+02  -0.113770E-01   0.502278E-01  -0.469458E-01   0.990722E-01
   0.173000E+02  -0.527801E-02   0.557212E-01  -0.443171E-01   0.101835E+00
   0.174000E+02   0.723935E-03   0.611004E-01  -0.416606E-01   0.104680E+00
   0.175000E+02   0.657412E-02   0.663275E-01  -0.390158E-01   0.107583E+00
   0.176000E+02   0.122263E-01   0.713677E-01  -0.364400E-01   0.110493E+00
   0.177000E+02   0.176338E-01   0.762087E-01  -0.339520E-01   0.113422E+00
   0.178000E+02   0.227363E-01   0.808085E-01  -0.315861E-01   0.116302E+00
   0.179000E+02   0.274903E-01   0.851220E-01  -0.293617E-01   0.119086E+00
   0.180000E+02   0.318433E-01   0.891159E-01  -0.273249E-01   0.121730E+00
   0.181000E+02   0.357578E-01   0.928292E-01  -0.255517E-01   0.124182E+00
   0.182000E+02   0.391897E-01   0.962479E-01  -0.240515E-01   0.126429E+00
   0.183000E+02   0.421017E-01   0.993509E-01  -0.227860E-01   0.128441E+00
   0.184000E+02   0.444566E-01   0.102153E+00  -0.218292E-01   0.130206E+00
   0.185000E+02   0.462277E-01   0.104698E+00  -0.211693E-01   0.131714E+00
   0.186000E+02   0.473983E-01   0.106850E+00  -0.207559E-01   0.132854E+00
   0.187000E+02   0.478997E-01   0.108560E+00  -0.206241E-01   0.133532E+00
   0.188000E+02   0.478033E-01   0.109820E+00  -0.207041E-01   0.133843E+00
   0.189000E+02   0.471246E-01   0.110554E+00  -0.211038E-01   0.133785E+00
   0.190000E+02   0.458887E-01   0.110710E+00  -0.218214E-01   0.133373E+00
   0.191000E+02   0.441793E-01   0.110242E+00  -0.228882E-01   0.132571E+00
   0.192000E+02   0.418822E-01   0.109142E+00  -0.243090E-01   0.131306E+00
   0.193000E+02   0.389770E-01   0.107381E+00  -0.261006E-01   0.129698E+00
   0.194000E+02   0.354549E-01   0.104953E+00  -0.282803E-01   0.127780E+00
   0.195000E+02   0.313182E-01   0.101857E+00  -0.308555E-01   0.125351E+00
   0.196000E+02   0.266061E-01   0.981266E-01  -0.337788E-01   0.122399E+00
   0.197000E+02   0.213640E-01   0.937758E-01  -0.370470E-01   0.118894E+00
   0.198000E+02   0.155853E-01   0.888521E-01  -0.406108E-01   0.114817E+00
   0.199000E+02   0.929965E-02   0.833515E-01  -0.444324E-01   0.110264E+00
   0.200000E+02   0.255934E-02   0.772838E-01  -0.486915E-01   0.105021E+00
   0.201000E+02  -0.455105E-02   0.707582E-01  -0.533142E-01   0.991050E-01
   0.202000E+02  -0.119376E-01   0.637857E-01  -0.582441E-01   0.925283E-01
   0.203000E+02  -0.195224E-01   0.564651E-01  -0.634880E-01   0.852975E-01
   0.204000E+02  -0.272517E-01   0.487911E-01  -0.690001E-01   0.774003E-01
   0.205000E+02  -0.350626E-01   0.408125E-01  -0.748393E-01   0.688283E-01
   0.206000E+02  -0.428882E-01   0.326251E-01  -0.809699E-01   0.595965E-01
   0.207000E+02  -0.506947E-01   0.242828E-01  -0.874498E-01   0.496772E-01
   0.208000E+02  -0.584263E-01   0.158735E-01  -0.942623E-01   0.390739E-01
   0.209000E+02  -0.660503E-01   0.745399E-02  -0.101397E+00   0.278030E-01
   0.210000E+02  -0.735171E-01  -0.878036E-03  -0.108819E+00   0.159535E-01
   0.211000E+02  -0.807932E-01  -0.904443E-02  -0.116503E+00   0.362743E-02
   0.212000E+02  -0.878440E-01  -0.169765E-01  -0.124412E+00  -0.916649E-02
   0.213000E+02  -0.946190E-01  -0.245999E-01  -0.132431E+00  -0.220653E-01
   0.214000E+02  -0.101114E+00  -0.318581E-01  -0.140576E+00  -0.349545E-01
   0.215000E+02  -0.107278E+00  -0.386582E-01  -0.148627E+00  -0.475934E-01
   0.216000E+02  -0.113104E+00  -0.449547E-01  -0.156543E+00  -0.598129E-01
   0.217000E+02  -0.118533E+00  -0.506658E-01  -0.164187E+00  -0.713358E-01
   0.218000E+02  -0.123484E+00  -0.557548E-01  -0.171475E+00  -0.820730E-01
   0.219000E+02  -0.128036E+00  -0.601426E-01  -0.178297E+00  -0.917809E-01
   0.220000E+02  -0.132188E+00  -0.637985E-01  -0.184565E+00  -0.100173E+00
   0.221000E+02  -0.135890E+00  -0.666664E-01  -0.190243E+00  -0.106693E+00
   0.222000E+02  -0.139129E+00  -0.687362E-01  -0.195230E+00  -0.111605E+00
   0.223000E+02  -0.142024E+00  -0.698945E-01  -0.199341E+00  -0.114823E+00
   0.224000E+02  -0.144450E+00  -0.702599E-01  -0.202375E+00  -0.116610E+00
   0.225000E+02  -0.146277E+00  -0.698412E-01  -0.204490E+00  -0.116654E+00
   0.226000E+02  -0.147482E+00  -0.687425E-01  -0.205788E+00  -0.115043E+00
   0.227001E+02  -0.148003E+00  -0.668956E-01  -0.206145E+00  -0.111755E+00
   0.228001E+02  -0.147753E+00  -0.642150E-01  -0.205559E+00  -0.107136E+00
   0.229001E+02  -0.146661E+00  -0.606557E-01  -0.204022E+00  -0.100573E+00
   0.230001E+02  -0.144705E+00  -0.562060E-01  -0.201634E+00  -0.928678E-01
   0.231001E+02  -0.141845E+00  -0.508709E-01  -0.198529E+00  -0.835043E-01
   0.232001E+02  -0.138071E+00  -0.447120E-01  -0.194352E+00  -0.727669E-01
   0.233001E+02  -0.133362E+00  -0.377479E-01  -0.189056E+00  -0.606970E-01
   0.234001E+02  -0.127749E+00  -0.300481E-01  -0.182555E+00  -0.475329E-01
   0.235001E+02  -0.121265E+00  -0.216375E-01  -0.174755E+00  -0.328559E-01
   0.236001E+02  -0.113986E+00  -0.125935E-01  -0.165467E+00  -0.178437E-01
   0.237001E+02  -0.105914E+00  -0.298265E-02  -0.154815E+00  -0.264837E-02
   0.238001E+02  -0.971052E-01   0.704315E-02  -0.142391E+00   0.127841E-01
   0.239001E+02  -0.876512E-01   0.173547E-01  -0.128443E+00   0.284474E-01
   0.240001E+02  -0.776998E-01   0.278517E-01  -0.112661E+00   0.442744E-01
   0.241001E+02  -0.672939E-01   0.384531E-01  -0.950610E-01   0.599517E-01
   0.242001E+02  -0.564765E-01   0.490635E-01  -0.757367E-01   0.755119E-01
   0.243001E+02  -0.453739E-01   0.596046E-01  -0.544500E-01   0.900502E-01
   0.244001E+02  -0.340712E-01   0.700235E-01  -0.312294E-01   0.104023E+00
   0.245001E+02  -0.226792E-01   0.802517E-01  -0.615129E-02   0.117314E+00
   0.246001E+02  -0.112941E-01   0.902543E-01   0.204950E-01   0.130254E+00
   0.247001E+02  -0.405128E-04   0.999684E-01   0.484825E-01   0.142722E+00
   0.248001E+02   0.109797E-01   0.109392E+00   0.775137E-01   0.154823E+00
   0.249001E+02   0.216627E-01   0.118453E+00   0.107095E+00   0.166694E+00
   0.250001E+02   0.318893E-01   0.127154E+00   0.136560E+00   0.178126E+00
   0.251001E+02   0.415538E-01   0.135449E+00   0.165275E+00   0.189371E+00
   0.252001E+02   0.505468E-01   0.143332E+00   0.192708E+00   0.200396E+00
   0.253001E+02   0.587807E-01   0.150756E+00   0.218321E+00   0.211248E+00
   0.254001E+02   0.661684E-01   0.157700E+00   0.241544E+00   0.221788E+00
   0.255001E+02   0.726341E-01   0.164084E+00   0.261935E+00   0.231906E+00
   0.256001E+02   0.781130E-01   0.169859E+00   0.278608E+00   0.241517E+00
   0.257001E+02   0.825337E-01   0.175123E+00   0.291369E+00   0.250382E+00
   0.258001E+02   0.858614E-01   0.179829E+00   0.300411E+00   0.258418E+00
   0.259001E+02   0.879585E-01   0.183948E+00   0.305677E+00   0.265374E+00
   0.260001E+02   0.889389E-01   0.187467E+00   0.307049E+00   0.270913E+00
   0.261001E+02   0.888391E-01   0.190513E+00   0.304578E+00   0.274899E+00
   0.262001E+02   0.877503E-01   0.192860E+00   0.298705E+00   0.277559E+00
   0.263001E+02   0.857055E-01   0.194389E+00   0.289827E+00   0.278837E+00
   0.264001E+02   0.824974E-01   0.195052E+00   0.277774E+00   0.278586E+00
   0.265001E+02   0.780942E-01   0.194756E+00   0.262518E+00   0.276743E+00
   0.266001E+02   0.724339E-01   0.193368E+00   0.244089E+00   0.273355E+00
   0.267001E+02   0.655524E-01   0.190804E+00   0.222799E+00   0.268733E+00
   0.268001E+02   0.575200E-01   0.187036E+00   0.199335E+00   0.262349E+00
   0.269001E+02   0.483958E-01   0.182034E+00   0.173533E+00   0.254142E+00
   0.270001E+02   0.382319E-01   0.175773E+00   0.145800E+00   0.244066E+00
   0.271001E+02   0.271620E-01   0.168252E+00   0.116473E+00   0.231994E+00
   0.272001E+02   0.152506E-01   0.159545E+00   0.858527E-01   0.217932E+00
   0.273001E+02   0.262638E-02   0.149720E+00   0.535776E-01   0.201856E+00
   0.274001E+02  -0.105222E-01   0.138847E+00   0.212678E-01   0.183449E+00
   0.275001E+02  -0.239867E-01   0.126911E+00  -0.104490E-01   0.162558E+00
   0.276001E+02  -0.376059E-01   0.114129E+00  -0.417190E-01   0.139128E+00
   0.277001E+02  -0.512418E-01   0.100707E+00  -0.722410E-01   0.113169E+00
   0.278001E+02  -0.647771E-01   0.866976E-01  -0.101539E+00   0.845682E-01
   0.279001E+02  -0.780993E-01   0.721506E-01  -0.129176E+00   0.530534E-01
   0.280001E+02  -0.911298E-01   0.572898E-01  -0.155128E+00   0.187710E-01
   0.281001E+02  -0.103803E+00   0.422709E-01  -0.178398E+00  -0.184685E-01
   0.282001E+02  -0.116049E+00   0.272361E-01  -0.199400E+00  -0.574418E-01
   0.283001E+02  -0.127875E+00   0.123163E-01  -0.218063E+00  -0.980232E-01
   0.284001E+02  -0.139256E+00  -0.231024E-02  -0.234423E+00  -0.139629E+00
   0.285001E+02  -0.150185E+00  -0.164720E-01  -0.248629E+00  -0.181097E+00
   0.286001E+02  -0.160648E+00  -0.300149E-01  -0.260958E+00  -0.221465E+00
   0.287001E+02  -0.170624E+00  -0.427957E-01  -0.271728E+00  -0.259889E+00
   0.288001E+02  -0.180087E+00  -0.546571E-01  -0.281216E+00  -0.295492E+00
   0.289001E+02  -0.189017E+00  -0.654608E-01  -0.289466E+00  -0.327479E+00
   0.290001E+02  -0.197376E+00  -0.750923E-01  -0.296864E+00  -0.355091E+00
   0.291001E+02  -0.205147E+00  -0.834470E-01  -0.303512E+00  -0.377139E+00
   0.292001E+02  -0.212216E+00  -0.904237E-01  -0.309518E+00  -0.393518E+00
   0.293001E+02  -0.218505E+00  -0.959585E-01  -0.314872E+00  -0.404591E+00
   0.294001E+02  -0.224161E+00  -0.999895E-01  -0.319483E+00  -0.410353E+00
   0.295001E+02  -0.229103E+00  -0.102347E+00  -0.323043E+00  -0.410775E+00
   0.296001E+02  -0.233246E+00  -0.103215E+00  -0.325449E+00  -0.406041E+00
   0.297001E+02  -0.236585E+00  -0.102652E+00  -0.326885E+00  -0.397063E+00
   0.298001E+02  -0.239277E+00  -0.100889E+00  -0.327258E+00  -0.384690E+00
   0.299001E+02  -0.241041E+00  -0.976608E-01  -0.326324E+00  -0.368349E+00
   0.300001E+02  -0.241713E+00  -0.928667E-01  -0.323922E+00  -0.348109E+00
   0.301001E+02  -0.241217E+00  -0.864419E-01  -0.320235E+00  -0.324352E+00
   0.302001E+02  -0.239398E+00  -0.783815E-01  -0.315138E+00  -0.297284E+00
   0.303001E+02  -0.236108E+00  -0.687838E-01  -0.308184E+00  -0.267835E+00
   0.304001E+02  -0.231270E+00  -0.577404E-01  -0.299037E+00  -0.235853E+00
   0.305001E+02  -0.224860E+00  -0.453605E-01  -0.287569E+00  -0.201437E+00
   0.306001E+02  -0.216855E+00  -0.317828E-01  -0.273724E+00  -0.164995E+00
   0.307001E+02  -0.207269E+00  -0.171967E-01  -0.257413E+00  -0.127019E+00
   0.308001E+02  -0.196169E+00  -0.176935E-02  -0.238440E+00  -0.880399E-01
   0.309001E+02  -0.183667E+00   0.142893E-01  -0.216870E+00  -0.484577E-01
   0.310001E+02  -0.169839E+00   0.306886E-01  -0.192268E+00  -0.882665E-02
   0.311001E+02  -0.154660E+00   0.471550E-01  -0.164869E+00   0.302771E-01
   0.312001E+02  -0.138401E+00   0.635195E-01  -0.134393E+00   0.682919E-01
   0.313001E+02  -0.121323E+00   0.795949E-01  -0.100756E+00   0.104707E+00
   0.314001E+02  -0.103560E+00   0.952623E-01  -0.637464E-01   0.139080E+00
   0.315001E+02  -0.851890E-01   0.110422E+00  -0.235727E-01   0.171080E+00
   0.316001E+02  -0.664471E-01   0.125023E+00   0.194040E-01   0.200252E+00
   0.317001E+02  -0.476182E-01   0.139033E+00   0.646595E-01   0.226330E+00
   0.318001E+02  -0.289162E-01   0.152482E+00   0.111468E+00   0.249176E+00
   0.319001E+02  -0.105354E-01   0.165370E+00   0.158852E+00   0.268776E+00
   0.320001E+02   0.728511E-02   0.177732E+00   0.205422E+00   0.285279E+00
   0.321001E+02   0.243330E-01   0.189563E+00   0.250061E+00   0.298910E+00
   0.322001E+02   0.404105E-01   0.200858E+00   0.291715E+00   0.310014E+00
   0.323001E+02   0.553161E-01   0.211595E+00   0.329481E+00   0.318891E+00
   0.324001E+02   0.688658E-01   0.221735E+00   0.362491E+00   0.325936E+00
   0.325001E+02   0.809030E-01   0.231229E+00   0.389842E+00   0.331434E+00
   0.326001E+02   0.912629E-01   0.240024E+00   0.410399E+00   0.335689E+00
   0.327001E+02   0.998336E-01   0.248103E+00   0.424754E+00   0.338975E+00
   0.328001E+02   0.106515E+00   0.255316E+00   0.433140E+00   0.341326E+00
   0.329001E+02   0.111210E+00   0.261554E+00   0.435635E+00   0.342728E+00
   0.330001E+02   0.113810E+00   0.266952E+00   0.432437E+00   0.343322E+00
   0.331001E+02   0.114503E+00   0.271413E+00   0.423967E+00   0.343190E+00
   0.332001E+02   0.113378E+00   0.274873E+00   0.411673E+00   0.342298E+00
   0.333001E+02   0.110745E+00   0.277354E+00   0.395763E+00   0.340487E+00
   0.334001E+02   0.106186E+00   0.278970E+00   0.375817E+00   0.337799E+00
   0.335001E+02   0.996154E-01   0.279325E+00   0.352081E+00   0.333914E+00
   0.336001E+02   0.909783E-01   0.278292E+00   0.324952E+00   0.328487E+00
   0.337001E+02   0.803678E-01   0.275737E+00   0.294826E+00   0.321279E+00
   0.338001E+02   0.679451E-01   0.271495E+00   0.262002E+00   0.312111E+00
   0.339001E+02   0.538494E-01   0.265441E+00   0.226673E+00   0.300693E+00
   0.340001E+02   0.382846E-01   0.257562E+00   0.189058E+00   0.286807E+00
   0.341001E+02   0.215027E-01   0.247821E+00   0.149586E+00   0.270305E+00
   0.342001E+02   0.372578E-02   0.236210E+00   0.108805E+00   0.251012E+00
   0.343000E+02  -0.147850E-01   0.222821E+00   0.672355E-01   0.228740E+00
   0.344000E+02  -0.336413E-01   0.207798E+00   0.252156E-01   0.203433E+00
   0.345000E+02  -0.525101E-01   0.191216E+00  -0.164779E-01   0.174816E+00
   0.346000E+02  -0.711185E-01   0.173112E+00  -0.571770E-01   0.142825E+00
   0.347000E+02  -0.892502E-01   0.153768E+00  -0.963509E-01   0.107370E+00
   0.348000E+02  -0.106789E+00   0.133440E+00  -0.133476E+00   0.682379E-01
   0.349000E+02  -0.123615E+00   0.112339E+00  -0.168076E+00   0.256816E-01
   0.350000E+02  -0.139695E+00   0.906030E-01  -0.199856E+00  -0.198555E-01
   0.351000E+02  -0.155069E+00   0.684921E-01  -0.228405E+00  -0.677223E-01
   0.352000E+02  -0.169762E+00   0.464226E-01  -0.253483E+00  -0.117086E+00
   0.353000E+02  -0.183825E+00   0.246645E-01  -0.275006E+00  -0.166762E+00
   0.354000E+02  -0.197318E+00   0.348231E-02  -0.293072E+00  -0.215199E+00
   0.355000E+02  -0.210253E+00  -0.168433E-01  -0.307902E+00  -0.261181E+00
   0.356000E+02  -0.222646E+00  -0.360490E-01  -0.319777E+00  -0.303607E+00
   0.357000E+02  -0.234455E+00  -0.538919E-01  -0.329041E+00  -0.341520E+00
   0.358000E+02  -0.245608E+00  -0.701460E-01  -0.336064E+00  -0.374107E+00
   0.359000E+02  -0.256063E+00  -0.845775E-01  -0.341192E+00  -0.400258E+00
   0.360000E+02  -0.265729E+00  -0.969988E-01  -0.344782E+00  -0.419168E+00
   0.361000E+02  -0.274543E+00  -0.107255E+00  -0.347084E+00  -0.431691E+00
   0.362000E+02  -0.282491E+00  -0.115207E+00  -0.348185E+00  -0.438044E+00
   0.363000E+02  -0.289370E+00  -0.120710E+00  -0.348340E+00  -0.438388E+00
   0.364000E+02  -0.295088E+00  -0.123699E+00  -0.347744E+00  -0.433029E+00
   0.365000E+02  -0.299744E+00  -0.124374E+00  -0.346465E+00  -0.422612E+00
   0.366000E+02  -0.303258E+00  -0.122920E+00  -0.344431E+00  -0.408727E+00
   0.367000E+02  -0.305562E+00  -0.119519E+00  -0.341709E+00  -0.391022E+00
   0.368000E+02  -0.306796E+00  -0.113788E+00  -0.337908E+00  -0.369369E+00
   0.369000E+02  -0.306887E+00  -0.105644E+00  -0.332746E+00  -0.344027E+00
   0.370000E+02  -0.305452E+00  -0.950578E-01  -0.325965E+00  -0.315441E+00
   0.371000E+02  -0.302364E+00  -0.822171E-01  -0.317412E+00  -0.283912E+00
   0.372000E+02  -0.297437E+00  -0.673332E-01  -0.306814E+00  -0.249785E+00
   0.373000E+02  -0.290485E+00  -0.506297E-01  -0.293885E+00  -0.213081E+00
   0.374000E+02  -0.281478E+00  -0.324042E-01  -0.278347E+00  -0.174140E+00
   0.375000E+02  -0.270432E+00  -0.129905E-01  -0.260018E+00  -0.133452E+00
   0.376000E+02  -0.257343E+00   0.734407E-02  -0.238654E+00  -0.915734E-01
   0.377000E+02  -0.242259E+00   0.281651E-01  -0.214263E+00  -0.489230E-01
   0.378000E+02  -0.225366E+00   0.490362E-01  -0.186452E+00  -0.618225E-02
   0.379000E+02  -0.206765E+00   0.695988E-01  -0.155064E+00   0.359725E-01
   0.380000E+02  -0.186484E+00   0.895742E-01  -0.120132E+00   0.769020E-01
   0.381000E+02  -0.164760E+00   0.108789E+00  -0.813675E-01   0.116029E+00
   0.382000E+02  -0.141929E+00   0.127129E+00  -0.389146E-01   0.152898E+00
   0.383000E+02  -0.118257E+00   0.144602E+00   0.683434E-02   0.186877E+00
   0.384000E+02  -0.939035E-01   0.161217E+00   0.551555E-01   0.217827E+00
   0.385000E+02  -0.691944E-01   0.177044E+00   0.105225E+00   0.245341E+00
   0.386000E+02  -0.445947E-01   0.192177E+00   0.155996E+00   0.269206E+00
   0.387000E+02  -0.204476E-01   0.206694E+00   0.205695E+00   0.289395E+00
   0.388000E+02   0.292227E-02   0.220653E+00   0.253063E+00   0.306044E+00
   0.389000E+02   0.251819E-01   0.234079E+00   0.296764E+00   0.319474E+00
   0.390000E+02   0.460283E-01   0.246934E+00   0.335931E+00   0.329917E+00
   0.391000E+02   0.651973E-01   0.259140E+00   0.369687E+00   0.337803E+00
   0.392000E+02   0.824114E-01   0.270619E+00   0.397131E+00   0.343460E+00
   0.393000E+02   0.973957E-01   0.281261E+00   0.417046E+00   0.347271E+00
   0.394000E+02   0.109955E+00   0.290976E+00   0.430292E+00   0.349525E+00
   0.395000E+02   0.119905E+00   0.299684E+00   0.437229E+00   0.350383E+00
   0.396000E+02   0.127128E+00   0.307358E+00   0.438073E+00   0.350228E+00
   0.397000E+02   0.131318E+00   0.313794E+00   0.433129E+00   0.349234E+00
   0.398000E+02   0.132797E+00   0.318899E+00   0.422908E+00   0.347527E+00
   0.399000E+02   0.131692E+00   0.322798E+00   0.409220E+00   0.345113E+00
   0.400000E+02   0.128463E+00   0.325421E+00   0.391838E+00   0.341994E+00
   0.401000E+02   0.122561E+00   0.326697E+00   0.370506E+00   0.337799E+00
   0.402000E+02   0.113907E+00   0.326848E+00   0.345468E+00   0.332264E+00
   0.403000E+02   0.102476E+00   0.325616E+00   0.317091E+00   0.325169E+00
   0.404000E+02   0.884838E-01   0.322675E+00   0.285727E+00   0.316320E+00
   0.405000E+02   0.722075E-01   0.317849E+00   0.251743E+00   0.305474E+00
   0.406000E+02   0.539249E-01   0.310929E+00   0.215116E+00   0.292284E+00
   0.407000E+02   0.339978E-01   0.301814E+00   0.176170E+00   0.276453E+00
   0.407999E+02   0.128312E-01   0.290498E+00   0.135351E+00   0.257762E+00
   0.408999E+02  -0.923787E-02   0.276993E+00   0.932238E-01   0.235960E+00
   0.409999E+02  -0.317141E-01   0.261318E+00   0.502573E-01   0.211039E+00
   0.410999E+02  -0.541016E-01   0.243601E+00   0.707397E-02   0.182576E+00
   0.411999E+02  -0.759853E-01   0.224052E+00  -0.355763E-01   0.150419E+00
   0.412999E+02  -0.970942E-01   0.202754E+00  -0.770696E-01   0.114606E+00
   0.413999E+02  -0.117246E+00   0.179708E+00  -0.116734E+00   0.748237E-01
   0.414999E+02  -0.136355E+00   0.155323E+00  -0.154059E+00   0.312853E-01
   0.415999E+02  -0.154475E+00   0.130012E+00  -0.188550E+00  -0.154900E-01
   0.416999E+02  -0.171652E+00   0.103882E+00  -0.219944E+00  -0.647634E-01
   0.417999E+02  -0.188004E+00   0.772754E-01  -0.247834E+00  -0.115605E+00
   0.418999E+02  -0.203657E+00   0.506518E-01  -0.271993E+00  -0.166790E+00
   0.419999E+02  -0.218709E+00   0.244769E-01  -0.292406E+00  -0.216536E+00
   0.420999E+02  -0.233221E+00  -0.875754E-03  -0.309178E+00  -0.263529E+00
   0.421999E+02  -0.247201E+00  -0.250309E-01  -0.322583E+00  -0.306585E+00
   0.422999E+02  -0.260592E+00  -0.476422E-01  -0.332945E+00  -0.344707E+00
   0.423999E+02  -0.273303E+00  -0.684026E-01  -0.340643E+00  -0.377100E+00
   0.424999E+02  -0.285227E+00  -0.869988E-01  -0.346034E+00  -0.402695E+00
   0.425999E+02  -0.296224E+00  -0.103121E+00  -0.349504E+00  -0.420735E+00
   0.426999E+02  -0.306238E+00  -0.116539E+00  -0.351251E+00  -0.432174E+00
   0.427999E+02  -0.315163E+00  -0.127034E+00  -0.351629E+00  -0.437303E+00
   0.428999E+02  -0.322924E+00  -0.134403E+00  -0.350970E+00  -0.436423E+00
   0.429999E+02  -0.329426E+00  -0.138492E+00  -0.349471E+00  -0.429836E+00
   0.430999E+02  -0.334415E+00  -0.139573E+00  -0.347197E+00  -0.418494E+00
   0.431999E+02  -0.338092E+00  -0.137929E+00  -0.344306E+00  -0.403857E+00
   0.432999E+02  -0.340416E+00  -0.133715E+00  -0.340532E+00  -0.385268E+00
   0.433999E+02  -0.341312E+00  -0.126535E+00  -0.335588E+00  -0.362764E+00
   0.434999E+02  -0.340964E+00  -0.116309E+00  -0.329254E+00  -0.336643E+00
   0.435999E+02  -0.339186E+00  -0.103079E+00  -0.321287E+00  -0.307256E+00
   0.436999E+02  -0.335610E+00  -0.871578E-01  -0.311497E+00  -0.274993E+00
   0.437999E+02  -0.330038E+00  -0.688816E-01  -0.299639E+00  -0.240084E+00
   0.438999E+02  -0.322262E+00  -0.486096E-01  -0.285226E+00  -0.202554E+00
   0.439999E+02  -0.312164E+00  -0.267990E-01  -0.268099E+00  -0.162780E+00
   0.440999E+02  -0.299778E+00  -0.386438E-02  -0.247958E+00  -0.121270E+00
   0.441999E+02  -0.285098E+00   0.197457E-01  -0.224608E+00  -0.785458E-01
   0.442999E+02  -0.268155E+00   0.434768E-01  -0.197884E+00  -0.351392E-01
   0.443999E+02  -0.249102E+00   0.667738E-01  -0.167497E+00   0.827528E-02
   0.444999E+02  -0.228132E+00   0.892808E-01  -0.133350E+00   0.509815E-01
   0.445999E+02  -0.205368E+00   0.110762E+00  -0.953340E-01   0.923045E-01
   0.446999E+02  -0.180805E+00   0.131116E+00  -0.533136E-01   0.131585E+00
   0.447999E+02  -0.154864E+00   0.150318E+00  -0.772706E-02   0.168324E+00
   0.448999E+02  -0.128004E+00   0.168445E+00   0.408411E-01   0.202068E+00
   0.449999E+02  -0.100330E+00   0.185645E+00   0.913875E-01   0.232511E+00
   0.450999E+02  -0.722338E-01   0.202084E+00   0.142949E+00   0.259292E+00
   0.451999E+02  -0.442350E-01   0.217863E+00   0.193858E+00   0.282241E+00
   0.452999E+02  -0.168038E-01   0.233089E+00   0.242555E+00   0.301399E+00
   0.453999E+02   0.961355E-02   0.247820E+00   0.287742E+00   0.316980E+00
   0.454999E+02   0.346193E-01   0.262005E+00   0.328474E+00   0.329131E+00
   0.455999E+02   0.578496E-01   0.275548E+00   0.363513E+00   0.338357E+00
   0.456999E+02   0.789708E-01   0.288325E+00   0.392405E+00   0.344978E+00
   0.457999E+02   0.976236E-01   0.300215E+00   0.413694E+00   0.349371E+00
   0.458999E+02   0.113489E+00   0.311087E+00   0.427892E+00   0.351819E+00
   0.459999E+02   0.126336E+00   0.320844E+00   0.435601E+00   0.352647E+00
   0.460999E+02   0.135968E+00   0.329401E+00   0.437125E+00   0.352263E+00
   0.461999E+02   0.141969E+00   0.336687E+00   0.432798E+00   0.350897E+00
   0.462999E+02   0.144664E+00   0.342554E+00   0.423094E+00   0.348701E+00
   0.463999E+02   0.144190E+00   0.346858E+00   0.409714E+00   0.345809E+00
   0.464999E+02   0.141125E+00   0.349785E+00   0.392754E+00   0.342156E+00
   0.465999E+02   0.134843E+00   0.351278E+00   0.371841E+00   0.337421E+00
   0.466999E+02   0.125309E+00   0.351282E+00   0.347168E+00   0.331368E+00
   0.467999E+02   0.112515E+00   0.350067E+00   0.319079E+00   0.323806E+00
   0.468999E+02   0.967369E-01   0.347200E+00   0.287902E+00   0.314498E+00
   0.469999E+02   0.783464E-01   0.342387E+00   0.254003E+00   0.303208E+00
   0.470999E+02   0.577360E-01   0.335421E+00   0.217410E+00   0.289590E+00
   0.471999E+02   0.353530E-01   0.326098E+00   0.178452E+00   0.273266E+00
   0.472999E+02   0.117197E-01   0.314380E+00   0.137410E+00   0.253963E+00
   0.473998E+02  -0.127248E-01   0.300292E+00   0.948722E-01   0.231451E+00
   0.474998E+02  -0.373844E-01   0.283838E+00   0.514026E-01   0.205671E+00
   0.475998E+02  -0.616855E-01   0.265101E+00   0.758847E-02   0.176218E+00
   0.476998E+02  -0.851612E-01   0.244279E+00  -0.357591E-01   0.142944E+00
   0.477998E+02  -0.107565E+00   0.221550E+00  -0.779517E-01   0.105887E+00
   0.478998E+02  -0.128737E+00   0.196971E+00  -0.118361E+00   0.646778E-01
   0.479998E+02  -0.148636E+00   0.170768E+00  -0.156399E+00   0.196959E-01
   0.480998E+02  -0.167402E+00   0.143374E+00  -0.191536E+00  -0.284236E-01
   0.481998E+02  -0.185166E+00   0.115008E+00  -0.223481E+00  -0.788372E-01
   0.482998E+02  -0.202079E+00   0.860057E-01  -0.251814E+00  -0.130520E+00
   0.483998E+02  -0.218331E+00   0.568127E-01  -0.276301E+00  -0.181996E+00
   0.484998E+02  -0.234020E+00   0.280614E-01  -0.296902E+00  -0.231542E+00
   0.485998E+02  -0.249212E+00   0.166801E-03  -0.313754E+00  -0.277803E+00
   0.486998E+02  -0.263898E+00  -0.264277E-01  -0.327081E+00  -0.319653E+00
   0.487998E+02  -0.277984E+00  -0.512983E-01  -0.337238E+00  -0.356122E+00
   0.488998E+02  -0.291324E+00  -0.740822E-01  -0.344593E+00  -0.386523E+00
   0.489998E+02  -0.303768E+00  -0.943957E-01  -0.349544E+00  -0.409518E+00
   0.490998E+02  -0.315165E+00  -0.111874E+00  -0.352394E+00  -0.425138E+00
   0.491998E+02  -0.325396E+00  -0.126243E+00  -0.353465E+00  -0.434172E+00
   0.492998E+02  -0.334424E+00  -0.137256E+00  -0.353217E+00  -0.436909E+00
   0.493998E+02  -0.342142E+00  -0.144522E+00  -0.351883E+00  -0.433728E+00
   0.494998E+02  -0.348533E+00  -0.148207E+00  -0.349658E+00  -0.425042E+00
   0.495998E+02  -0.353263E+00  -0.148506E+00  -0.346694E+00  -0.412298E+00
   0.496998E+02  -0.356477E+00  -0.145905E+00  -0.343008E+00  -0.396128E+00
   0.497998E+02  -0.358236E+00  -0.140042E+00  -0.338273E+00  -0.375965E+00
   0.498998E+02  -0.358513E+00  -0.130779E+00  -0.332271E+00  -0.351978E+00
   0.499998E+02  -0.357433E+00  -0.118128E+00  -0.324792E+00  -0.324480E+00
   0.500998E+02  -0.354851E+00  -0.102227E+00  -0.315614E+00  -0.293830E+00
   0.501998E+02  -0.350359E+00  -0.835560E-01  -0.304517E+00  -0.260380E+00
   0.502998E+02  -0.343764E+00  -0.625355E-01  -0.291142E+00  -0.224221E+00
   0.503998E+02  -0.334811E+00  -0.396239E-01  -0.275077E+00  -0.185558E+00
   0.504998E+02  -0.323385E+00  -0.154067E-01  -0.256073E+00  -0.144716E+00
   0.505998E+02  -0.309524E+00   0.970785E-02  -0.233864E+00  -0.102264E+00
   0.506998E+02  -0.293262E+00   0.350399E-01  -0.208371E+00  -0.587559E-01
   0.507998E+02  -0.274631E+00   0.600041E-01  -0.179213E+00  -0.147682E-01
   0.508998E+02  -0.253802E+00   0.841208E-01  -0.146207E+00   0.289131E-01
   0.509998E+02  -0.230973E+00   0.107077E+00  -0.109380E+00   0.715973E-01
   0.510998E+02  -0.206303E+00   0.128719E+00  -0.684067E-01   0.112599E+00
   0.511998E+02  -0.179799E+00   0.149051E+00  -0.235896E-01   0.151262E+00
   0.512998E+02  -0.151915E+00   0.168159E+00   0.244517E-01   0.187084E+00
   0.513998E+02  -0.123071E+00   0.186216E+00   0.748797E-01   0.219734E+00
   0.514998E+02  -0.934618E-01   0.203412E+00   0.126753E+00   0.248800E+00
   0.515998E+02  -0.635346E-01   0.219919E+00   0.178444E+00   0.274016E+00
   0.516998E+02  -0.338867E-01   0.235867E+00   0.228284E+00   0.295296E+00
   0.517998E+02  -0.501900E-02   0.251344E+00   0.274902E+00   0.312748E+00
   0.518998E+02   0.225810E-01   0.266333E+00   0.317129E+00   0.326592E+00
   0.519998E+02   0.484687E-01   0.280740E+00   0.353998E+00   0.337158E+00
   0.520998E+02   0.722560E-01   0.294408E+00   0.384793E+00   0.344827E+00
   0.521998E+02   0.935433E-01   0.307174E+00   0.408285E+00   0.349984E+00
   0.522998E+02   0.111937E+00   0.318858E+00   0.424285E+00   0.352947E+00
   0.523998E+02   0.127131E+00   0.329349E+00   0.433635E+00   0.354066E+00
   0.524998E+02   0.138860E+00   0.338601E+00   0.436684E+00   0.353811E+00
   0.525998E+02   0.146748E+00   0.346518E+00   0.433781E+00   0.352417E+00
   0.526998E+02   0.150859E+00   0.353077E+00   0.425326E+00   0.350094E+00
   0.527998E+02   0.151410E+00   0.358026E+00   0.412723E+00   0.347025E+00
   0.528998E+02   0.148930E+00   0.361357E+00   0.396731E+00   0.343229E+00
   0.529998E+02   0.143098E+00   0.363170E+00   0.376742E+00   0.338380E+00
   0.530998E+02   0.133742E+00   0.363476E+00   0.352911E+00   0.332276E+00
   0.531998E+02   0.120830E+00   0.362353E+00   0.325540E+00   0.324702E+00
   0.532998E+02   0.104613E+00   0.359815E+00   0.294985E+00   0.315436E+00
   0.533998E+02   0.855350E-01   0.355371E+00   0.261604E+00   0.304263E+00
   0.534998E+02   0.640311E-01   0.348830E+00   0.225504E+00   0.290832E+00
   0.535998E+02   0.405994E-01   0.339939E+00   0.186874E+00   0.274699E+00
   0.536998E+02   0.158486E-01   0.328523E+00   0.146014E+00   0.255613E+00
   0.537998E+02  -0.977896E-02   0.314631E+00   0.103492E+00   0.233316E+00
   0.538997E+02  -0.355900E-01   0.298293E+00   0.598826E-01   0.207701E+00
   0.539997E+02  -0.609718E-01   0.279542E+00   0.157623E-01   0.178410E+00
   0.540997E+02  -0.854414E-01   0.258531E+00  -0.280942E-01   0.145248E+00
   0.541997E+02  -0.108680E+00   0.235470E+00  -0.709740E-01   0.108238E+00
   0.542997E+02  -0.130544E+00   0.210524E+00  -0.112197E+00   0.670603E-01
   0.543997E+02  -0.151046E+00   0.183709E+00  -0.151076E+00   0.220317E-01
   0.544997E+02  -0.170294E+00   0.155439E+00  -0.187105E+00  -0.262103E-01
   0.545997E+02  -0.188478E+00   0.126192E+00  -0.219939E+00  -0.768126E-01
   0.546997E+02  -0.205787E+00   0.961177E-01  -0.249182E+00  -0.128733E+00
   0.547997E+02  -0.222416E+00   0.656720E-01  -0.274544E+00  -0.180503E+00
   0.548997E+02  -0.238503E+00   0.354546E-01  -0.295942E+00  -0.230343E+00
   0.549997E+02  -0.254143E+00   0.600385E-02  -0.313483E+00  -0.276868E+00
   0.550997E+02  -0.269299E+00  -0.221735E-01  -0.327364E+00  -0.318924E+00
   0.551997E+02  -0.283861E+00  -0.486167E-01  -0.337936E+00  -0.355553E+00
   0.552997E+02  -0.297671E+00  -0.729157E-01  -0.345568E+00  -0.386072E+00
   0.553997E+02  -0.310570E+00  -0.946607E-01  -0.350665E+00  -0.409157E+00
   0.554997E+02  -0.322375E+00  -0.113439E+00  -0.353510E+00  -0.424784E+00
   0.555997E+02  -0.332948E+00  -0.128935E+00  -0.354519E+00  -0.433775E+00
   0.556997E+02  -0.342251E+00  -0.140869E+00  -0.354132E+00  -0.436460E+00
   0.557997E+02  -0.350182E+00  -0.148831E+00  -0.352608E+00  -0.433213E+00
   0.558997E+02  -0.356723E+00  -0.152930E+00  -0.350137E+00  -0.424448E+00
   0.559997E+02  -0.361658E+00  -0.153373E+00  -0.346942E+00  -0.411642E+00
   0.560997E+02  -0.364938E+00  -0.150731E+00  -0.342970E+00  -0.395406E+00
   0.561997E+02  -0.366670E+00  -0.144604E+00  -0.337936E+00  -0.375178E+00
   0.562997E+02  -0.366865E+00  -0.134854E+00  -0.331629E+00  -0.351131E+00
   0.563997E+02  -0.365591E+00  -0.121469E+00  -0.323839E+00  -0.323548E+00
   0.564997E+02  -0.362926E+00  -0.104765E+00  -0.314351E+00  -0.292797E+00
   0.565997E+02  -0.358335E+00  -0.851217E-01  -0.302938E+00  -0.259221E+00
   0.566997E+02  -0.351635E+00  -0.630740E-01  -0.289238E+00  -0.222907E+00
   0.567997E+02  -0.342571E+00  -0.391293E-01  -0.272807E+00  -0.184117E+00
   0.568997E+02  -0.330950E+00  -0.139055E-01  -0.253384E+00  -0.143081E+00
   0.569997E+02  -0.316817E+00   0.121186E-01  -0.230708E+00  -0.100409E+00
   0.570997E+02  -0.300214E+00   0.382476E-01  -0.204748E+00  -0.566400E-01
   0.571997E+02  -0.281170E+00   0.638597E-01  -0.175031E+00  -0.123910E-01
   0.572997E+02  -0.259848E+00   0.884702E-01  -0.141415E+00   0.315269E-01
   0.573997E+02  -0.236457E+00   0.111785E+00  -0.103927E+00   0.743892E-01
   0.574997E+02  -0.211167E+00   0.133680E+00  -0.622380E-01   0.115566E+00
   0.575997E+02  -0.183994E+00   0.154169E+00  -0.167470E-01   0.154368E+00
   0.576997E+02  -0.155358E+00   0.173411E+00   0.318752E-01   0.190265E+00
   0.577997E+02  -0.125729E+00   0.191608E+00   0.827532E-01   0.222920E+00
   0.578997E+02  -0.952741E-01   0.208917E+00   0.134811E+00   0.251932E+00
   0.579997E+02  -0.644540E-01   0.225576E+00   0.186490E+00   0.277030E+00
   0.580997E+02  -0.338872E-01   0.241720E+00   0.236057E+00   0.298143E+00
   0.581997E+02  -0.412037E-02   0.257429E+00   0.282138E+00   0.315411E+00
   0.582997E+02   0.243291E-01   0.272657E+00   0.323620E+00   0.328975E+00
   0.583997E+02   0.509878E-01   0.287268E+00   0.359553E+00   0.339261E+00
   0.584997E+02   0.754395E-01   0.301098E+00   0.389251E+00   0.346623E+00
   0.585997E+02   0.972602E-01   0.313984E+00   0.411381E+00   0.351457E+00
   0.586997E+02   0.116026E+00   0.325767E+00   0.426149E+00   0.354025E+00
   0.587997E+02   0.131422E+00   0.336299E+00   0.434301E+00   0.354806E+00
   0.588997E+02   0.143174E+00   0.345516E+00   0.436199E+00   0.354215E+00
   0.589997E+02   0.150793E+00   0.353335E+00   0.432193E+00   0.352497E+00
   0.590997E+02   0.154556E+00   0.359742E+00   0.422767E+00   0.349858E+00
   0.591997E+02   0.154615E+00   0.364506E+00   0.409531E+00   0.346529E+00
   0.592997E+02   0.151615E+00   0.367622E+00   0.392763E+00   0.342361E+00
   0.593997E+02   0.144949E+00   0.369158E+00   0.372037E+00   0.337095E+00
   0.594997E+02   0.134585E+00   0.369135E+00   0.347516E+00   0.330511E+00
   0.595997E+02   0.120564E+00   0.367644E+00   0.319505E+00   0.322434E+00
   0.596997E+02   0.103156E+00   0.364725E+00   0.288354E+00   0.312627E+00
   0.597997E+02   0.829366E-01   0.359848E+00   0.254412E+00   0.300824E+00
   0.598997E+02   0.603029E-01   0.352837E+00   0.217715E+00   0.286714E+00
   0.599997E+02   0.358768E-01   0.343434E+00   0.178499E+00   0.269819E+00
   0.600997E+02   0.102218E-01   0.331440E+00   0.137216E+00   0.249907E+00
   0.601997E+02  -0.161021E-01   0.316925E+00   0.943840E-01   0.226686E+00
   0.602997E+02  -0.424280E-01   0.299917E+00   0.504999E-01   0.200082E+00
   0.603997E+02  -0.681119E-01   0.280463E+00   0.617274E-02   0.169724E+00
   0.604996E+02  -0.927006E-01   0.258737E+00  -0.377312E-01   0.135453E+00
   0.605996E+02  -0.115936E+00   0.234943E+00  -0.805083E-01   0.972285E-01
   0.606996E+02  -0.137716E+00   0.209250E+00  -0.121467E+00   0.548542E-01
   0.607996E+02  -0.158083E+00   0.181693E+00  -0.159952E+00   0.876977E-02
   0.608996E+02  -0.177212E+00   0.152699E+00  -0.195441E+00  -0.406003E-01
   0.609996E+02  -0.195311E+00   0.122705E+00  -0.227676E+00  -0.917144E-01
   0.610996E+02  -0.212590E+00   0.919300E-01  -0.256193E+00  -0.143806E+00
   0.611996E+02  -0.229221E+00   0.608395E-01  -0.280752E+00  -0.195219E+00
   0.612996E+02  -0.245387E+00   0.300885E-01  -0.301311E+00  -0.244289E+00
   0.613996E+02  -0.261101E+00   0.200805E-03  -0.318027E+00  -0.289666E+00
   0.614996E+02  -0.276317E+00  -0.282895E-01  -0.331094E+00  -0.330346E+00
   0.615996E+02  -0.290889E+00  -0.549168E-01  -0.340912E+00  -0.365186E+00
   0.616996E+02  -0.304642E+00  -0.792538E-01  -0.347844E+00  -0.393678E+00
   0.617996E+02  -0.317431E+00  -0.100867E+00  -0.352304E+00  -0.414404E+00
   0.618996E+02  -0.329081E+00  -0.119331E+00  -0.354499E+00  -0.427968E+00
   0.619996E+02  -0.339466E+00  -0.134332E+00  -0.354989E+00  -0.434969E+00
   0.620996E+02  -0.348508E+00  -0.145611E+00  -0.354148E+00  -0.435780E+00
   0.621996E+02  -0.356123E+00  -0.152654E+00  -0.352213E+00  -0.430764E+00
   0.622996E+02  -0.362306E+00  -0.155866E+00  -0.349348E+00  -0.420421E+00
   0.623996E+02  -0.366790E+00  -0.155281E+00  -0.345870E+00  -0.406611E+00
   0.624996E+02  -0.369637E+00  -0.151649E+00  -0.341465E+00  -0.389123E+00
   0.625996E+02  -0.370910E+00  -0.144285E+00  -0.335920E+00  -0.367693E+00
   0.626996E+02  -0.370595E+00  -0.133164E+00  -0.329044E+00  -0.342508E+00
   0.627996E+02  -0.368840E+00  -0.118343E+00  -0.320618E+00  -0.313946E+00
   0.628996E+02  -0.365569E+00  -0.100240E+00  -0.310416E+00  -0.282295E+00
   0.629996E+02  -0.360321E+00  -0.793798E-01  -0.298202E+00  -0.247858E+00
   0.630996E+02  -0.352887E+00  -0.561719E-01  -0.283517E+00  -0.210669E+00
   0.631996E+02  -0.343013E+00  -0.312967E-01  -0.266032E+00  -0.170998E+00
   0.632996E+02  -0.330540E+00  -0.530001E-02  -0.245474E+00  -0.129332E+00
   0.633996E+02  -0.315535E+00   0.212431E-01  -0.221599E+00  -0.862012E-01
   0.634996E+02  -0.298026E+00   0.476601E-01  -0.194246E+00  -0.421941E-01
   0.635996E+02  -0.278081E+00   0.732876E-01  -0.163093E+00   0.213063E-02
   0.636996E+02  -0.255877E+00   0.977374E-01  -0.128029E+00   0.459096E-01
   0.637996E+02  -0.231631E+00   0.120777E+00  -0.889165E-01   0.884501E-01
   0.638996E+02  -0.205474E+00   0.142355E+00  -0.457307E-01   0.129051E+00
   0.639996E+02  -0.177512E+00   0.162526E+00   0.106282E-02   0.167029E+00
   0.640996E+02  -0.148200E+00   0.181468E+00   0.506923E-01   0.201965E+00
   0.641996E+02  -0.117868E+00   0.199422E+00   0.102197E+00   0.233549E+00
   0.642996E+02  -0.868147E-01   0.216609E+00   0.154459E+00   0.261363E+00
   0.643996E+02  -0.555446E-01   0.233193E+00   0.205575E+00   0.285205E+00
   0.644996E+02  -0.247290E-01   0.249312E+00   0.254034E+00   0.305024E+00
   0.645996E+02   0.512192E-02   0.265015E+00   0.298525E+00   0.321026E+00
   0.646996E+02   0.334825E-01   0.280164E+00   0.337974E+00   0.333457E+00
   0.647996E+02   0.598872E-01   0.294639E+00   0.371597E+00   0.342683E+00
   0.648996E+02   0.839113E-01   0.308263E+00   0.398577E+00   0.349092E+00
   0.649996E+02   0.105102E+00   0.320879E+00   0.417644E+00   0.353064E+00
   0.650996E+02   0.123055E+00   0.332324E+00   0.429787E+00   0.354864E+00
   0.651996E+02   0.137449E+00   0.342479E+00   0.435469E+00   0.355039E+00
   0.652996E+02   0.148052E+00   0.351282E+00   0.435048E+00   0.353924E+00
   0.653996E+02   0.154334E+00   0.358619E+00   0.428863E+00   0.351742E+00
   0.654996E+02   0.156712E+00   0.364514E+00   0.417713E+00   0.348642E+00
   0.655996E+02   0.155430E+00   0.368635E+00   0.403244E+00   0.344965E+00
   0.656996E+02   0.151012E+00   0.371155E+00   0.384919E+00   0.340303E+00
   0.657996E+02   0.142846E+00   0.372099E+00   0.362659E+00   0.334448E+00
   0.658996E+02   0.130885E+00   0.371436E+00   0.336716E+00   0.327237E+00
   0.659996E+02   0.115249E+00   0.369380E+00   0.307423E+00   0.318429E+00
   0.660996E+02   0.963893E-01   0.365704E+00   0.275140E+00   0.307804E+00
   0.661996E+02   0.748408E-01   0.360008E+00   0.240111E+00   0.295079E+00
   0.662996E+02   0.510984E-01   0.352077E+00   0.202328E+00   0.279775E+00
   0.663996E+02   0.257938E-01   0.341645E+00   0.162156E+00   0.261629E+00
   0.664996E+02  -0.498929E-03   0.328610E+00   0.120094E+00   0.240336E+00
   0.665996E+02  -0.271900E-01   0.313043E+00   0.766850E-01   0.215703E+00
   0.666996E+02  -0.535544E-01   0.294964E+00   0.325047E-01   0.187444E+00
   0.667996E+02  -0.790686E-01   0.274459E+00  -0.117981E-01   0.155426E+00
   0.668996E+02  -0.103291E+00   0.251743E+00  -0.554055E-01   0.119481E+00
   0.669995E+02  -0.126052E+00   0.227010E+00  -0.976178E-01   0.793925E-01
   0.670995E+02  -0.147339E+00   0.200333E+00  -0.137668E+00   0.353558E-01
   0.671995E+02  -0.167257E+00   0.171972E+00  -0.175081E+00  -0.121313E-01
   0.672995E+02  -0.186000E+00   0.142378E+00  -0.209347E+00  -0.623148E-01
   0.673995E+02  -0.203794E+00   0.111731E+00  -0.240157E+00  -0.114153E+00
   0.674995E+02  -0.220848E+00   0.804632E-01  -0.267126E+00  -0.166380E+00
   0.675995E+02  -0.237349E+00   0.491046E-01  -0.290079E+00  -0.217044E+00
   0.676995E+02  -0.253428E+00   0.183160E-01  -0.309067E+00  -0.264709E+00
   0.677995E+02  -0.269058E+00  -0.113735E-01  -0.324256E+00  -0.308125E+00
   0.678995E+02  -0.284124E+00  -0.394671E-01  -0.335939E+00  -0.346295E+00
   0.679995E+02  -0.298457E+00  -0.655055E-01  -0.344500E+00  -0.378466E+00
   0.680995E+02  -0.311894E+00  -0.890551E-01  -0.350322E+00  -0.403617E+00
   0.681995E+02  -0.324287E+00  -0.109667E+00  -0.353732E+00  -0.420974E+00
   0.682995E+02  -0.335477E+00  -0.126955E+00  -0.355119E+00  -0.431583E+00
   0.683995E+02  -0.345358E+00  -0.140584E+00  -0.354977E+00  -0.435797E+00
   0.684995E+02  -0.353848E+00  -0.150245E+00  -0.353563E+00  -0.434008E+00
   0.685995E+02  -0.360867E+00  -0.155681E+00  -0.351132E+00  -0.426551E+00
   0.686995E+02  -0.366374E+00  -0.157217E+00  -0.347891E+00  -0.414566E+00
   0.687995E+02  -0.370106E+00  -0.155280E+00  -0.343963E+00  -0.399349E+00
   0.688995E+02  -0.372280E+00  -0.149949E+00  -0.339009E+00  -0.380100E+00
   0.689995E+02  -0.372864E+00  -0.140839E+00  -0.332836E+00  -0.356938E+00
   0.690995E+02  -0.371801E+00  -0.127951E+00  -0.325241E+00  -0.330153E+00
   0.691995E+02  -0.369418E+00  -0.111461E+00  -0.316002E+00  -0.300093E+00
   0.692995E+02  -0.365291E+00  -0.918065E-01  -0.304896E+00  -0.267128E+00
   0.693995E+02  -0.359088E+00  -0.695732E-01  -0.291593E+00  -0.231428E+00
   0.694995E+02  -0.350592E+00  -0.452945E-01  -0.275610E+00  -0.193069E+00
   0.695995E+02  -0.339552E+00  -0.196120E-01  -0.256706E+00  -0.152381E+00
   0.696995E+02  -0.325905E+00   0.693950E-02  -0.234598E+00  -0.109904E+00
   0.697995E+02  -0.309717E+00   0.336553E-01  -0.209124E+00  -0.662192E-01
   0.698995E+02  -0.291013E+00   0.599562E-01  -0.179989E+00  -0.218975E-01
   0.699995E+02  -0.269922E+00   0.852323E-01  -0.146956E+00   0.223246E-01
   0.700995E+02  -0.246681E+00   0.109154E+00  -0.110029E+00   0.656854E-01
   0.701995E+02  -0.221451E+00   0.131586E+00  -0.689104E-01   0.107490E+00
   0.702995E+02  -0.194237E+00   0.152556E+00  -0.238832E-01   0.147005E+00
   0.703995E+02  -0.165469E+00   0.172189E+00   0.244119E-01   0.183710E+00
   0.704995E+02  -0.135557E+00   0.190705E+00   0.751135E-01   0.217199E+00
   0.705995E+02  -0.104671E+00   0.208319E+00   0.127225E+00   0.247121E+00
   0.706995E+02  -0.732616E-01   0.225241E+00   0.179176E+00   0.273149E+00
   0.707995E+02  -0.419032E-01   0.241656E+00   0.229205E+00   0.295152E+00
   0.708995E+02  -0.112268E-01   0.257651E+00   0.275908E+00   0.313216E+00
   0.709995E+02   0.182309E-01   0.273178E+00   0.318112E+00   0.327519E+00
   0.710995E+02   0.459644E-01   0.288108E+00   0.354860E+00   0.338408E+00
   0.711995E+02   0.715329E-01   0.302266E+00   0.385471E+00   0.346250E+00
   0.712995E+02   0.944923E-01   0.315498E+00   0.408639E+00   0.351459E+00
   0.713995E+02   0.114390E+00   0.327629E+00   0.424278E+00   0.354303E+00
   0.714995E+02   0.130872E+00   0.338523E+00   0.433264E+00   0.355257E+00
   0.715995E+02   0.143623E+00   0.348088E+00   0.435925E+00   0.354757E+00
   0.716995E+02   0.152223E+00   0.356233E+00   0.432643E+00   0.353080E+00
   0.717995E+02   0.156720E+00   0.362896E+00   0.423840E+00   0.350417E+00
   0.718995E+02   0.157348E+00   0.367987E+00   0.411004E+00   0.347043E+00
   0.719995E+02   0.154689E+00   0.371324E+00   0.394733E+00   0.342852E+00
   0.720995E+02   0.148381E+00   0.373094E+00   0.374474E+00   0.337593E+00
   0.721995E+02   0.138270E+00   0.373276E+00   0.350385E+00   0.331050E+00
   0.722995E+02   0.124354E+00   0.371861E+00   0.322756E+00   0.323035E+00
   0.723995E+02   0.106951E+00   0.369115E+00   0.291946E+00   0.313320E+00
   0.724995E+02   0.865757E-01   0.364465E+00   0.258288E+00   0.301675E+00
   0.725995E+02   0.637337E-01   0.357694E+00   0.221881E+00   0.287729E+00
   0.726995E+02   0.389805E-01   0.348584E+00   0.182922E+00   0.271029E+00
   0.727995E+02   0.129710E-01   0.336882E+00   0.141752E+00   0.251317E+00
   0.728995E+02  -0.137598E-01   0.322584E+00   0.989386E-01   0.228317E+00
   0.729995E+02  -0.405093E-01   0.305745E+00   0.550185E-01   0.201970E+00
   0.730995E+02  -0.666166E-01   0.286400E+00   0.106011E-01   0.171844E+00
   0.731995E+02  -0.916057E-01   0.264724E+00  -0.334887E-01   0.137791E+00
   0.732995E+02  -0.115189E+00   0.240943E+00  -0.765029E-01   0.998116E-01
   0.733995E+02  -0.137283E+00   0.215204E+00  -0.117813E+00   0.576185E-01
   0.734995E+02  -0.157886E+00   0.187531E+00  -0.156703E+00   0.116572E-01
   0.735994E+02  -0.177225E+00   0.158338E+00  -0.192638E+00  -0.374668E-01
   0.736994E+02  -0.195516E+00   0.128105E+00  -0.225293E+00  -0.886207E-01
   0.737994E+02  -0.212934E+00   0.969981E-01  -0.254259E+00  -0.140814E+00
   0.738994E+02  -0.229731E+00   0.654855E-01  -0.279263E+00  -0.192408E+00
   0.739994E+02  -0.246058E+00   0.341914E-01  -0.300241E+00  -0.241712E+00
   0.740994E+02  -0.261957E+00   0.370062E-02  -0.317333E+00  -0.287358E+00
   0.741994E+02  -0.277358E+00  -0.254380E-01  -0.330711E+00  -0.328358E+00
   0.742994E+02  -0.292120E+00  -0.527278E-01  -0.340775E+00  -0.363490E+00
   0.743994E+02  -0.306072E+00  -0.777358E-01  -0.347903E+00  -0.392307E+00
   0.744994E+02  -0.319047E+00  -0.100006E+00  -0.352489E+00  -0.413403E+00
   0.745994E+02  -0.330888E+00  -0.119102E+00  -0.354765E+00  -0.427266E+00
   0.746994E+02  -0.341463E+00  -0.134686E+00  -0.355292E+00  -0.434539E+00
   0.747994E+02  -0.350674E+00  -0.146479E+00  -0.354450E+00  -0.435600E+00
   0.748994E+02  -0.358447E+00  -0.153952E+00  -0.352488E+00  -0.430814E+00
   0.749994E+02  -0.364745E+00  -0.157447E+00  -0.349576E+00  -0.420673E+00
   0.750994E+02  -0.369381E+00  -0.157124E+00  -0.346049E+00  -0.406994E+00
   0.751994E+02  -0.372325E+00  -0.153652E+00  -0.341594E+00  -0.389662E+00
   0.752994E+02  -0.373668E+00  -0.146347E+00  -0.336003E+00  -0.368384E+00
   0.753994E+02  -0.373414E+00  -0.135206E+00  -0.329089E+00  -0.343339E+00
   0.754994E+02  -0.371654E+00  -0.120290E+00  -0.320640E+00  -0.314894E+00
   0.755994E+02  -0.368441E+00  -0.102011E+00  -0.310422E+00  -0.283338E+00
   0.756994E+02  -0.363260E+00  -0.809092E-01  -0.298201E+00  -0.248980E+00
   0.757994E+02  -0.355896E+00  -0.574548E-01  -0.283529E+00  -0.211863E+00
   0.758994E+02  -0.346117E+00  -0.322882E-01  -0.266053E+00  -0.172237E+00
   0.759994E+02  -0.333723E+00  -0.599346E-02  -0.245505E+00  -0.130587E+00
   0.760994E+02  -0.318748E+00   0.208464E-01  -0.221630E+00  -0.874389E-01
   0.761994E+02  -0.301242E+00   0.475343E-01  -0.194277E+00  -0.433618E-01
   0.762994E+02  -0.281263E+00   0.734178E-01  -0.163113E+00   0.104284E-02
   0.763994E+02  -0.259001E+00   0.980733E-01  -0.128028E+00   0.449259E-01
   0.764994E+02  -0.234665E+00   0.121275E+00  -0.888851E-01   0.875905E-01
   0.765994E+02  -0.208414E+00   0.142984E+00  -0.456578E-01   0.128342E+00
   0.766994E+02  -0.180290E+00   0.163270E+00   0.118657E-02   0.166470E+00
   0.767994E+02  -0.150762E+00   0.182304E+00   0.508727E-01   0.201557E+00
   0.768994E+02  -0.120205E+00   0.200341E+00   0.102430E+00   0.233289E+00
   0.769994E+02  -0.888888E-01   0.217608E+00   0.154739E+00   0.261243E+00
   0.770994E+02  -0.573099E-01   0.234276E+00   0.205886E+00   0.285207E+00
   0.771994E+02  -0.261422E-01   0.250499E+00   0.254354E+00   0.305135E+00
   0.772994E+02   0.408031E-02   0.266307E+00   0.298831E+00   0.321217E+00
   0.773994E+02   0.328166E-01   0.281562E+00   0.338243E+00   0.333703E+00
   0.774994E+02   0.595891E-01   0.296138E+00   0.371808E+00   0.342958E+00
   0.775994E+02   0.839614E-01   0.309852E+00   0.398709E+00   0.349371E+00
   0.776994E+02   0.105473E+00   0.322549E+00   0.417682E+00   0.353319E+00
   0.777994E+02   0.123705E+00   0.334070E+00   0.429733E+00   0.355083E+00
   0.778994E+02   0.138326E+00   0.344290E+00   0.435319E+00   0.355213E+00
   0.779994E+02   0.149101E+00   0.353148E+00   0.434810E+00   0.354041E+00
   0.780994E+02   0.155487E+00   0.360525E+00   0.428539E+00   0.351792E+00
   0.781994E+02   0.157904E+00   0.366440E+00   0.417324E+00   0.348619E+00
   0.782994E+02   0.156606E+00   0.370581E+00   0.402815E+00   0.344863E+00
   0.783994E+02   0.152112E+00   0.373090E+00   0.384429E+00   0.340118E+00
   0.784994E+02   0.143811E+00   0.374016E+00   0.362106E+00   0.334180E+00
   0.785994E+02   0.131692E+00   0.373325E+00   0.336101E+00   0.326885E+00
   0.786994E+02   0.115800E+00   0.371208E+00   0.306748E+00   0.317987E+00
   0.787994E+02   0.966832E-01   0.367486E+00   0.274406E+00   0.307278E+00
   0.788994E+02   0.749011E-01   0.361740E+00   0.239313E+00   0.294452E+00
   0.789994E+02   0.508568E-01   0.353758E+00   0.201463E+00   0.279036E+00
   0.790994E+02   0.252885E-01   0.343274E+00   0.161223E+00   0.260764E+00
   0.791994E+02  -0.123824E-02   0.330166E+00   0.119095E+00   0.239338E+00
   0.792994E+02  -0.281291E-01   0.314509E+00   0.756269E-01   0.214563E+00
   0.793994E+02  -0.546404E-01   0.296327E+00   0.313838E-01   0.186180E+00
   0.794994E+02  -0.802740E-01   0.275697E+00  -0.129576E-01   0.153957E+00
   0.795994E+02  -0.104577E+00   0.252843E+00  -0.565955E-01   0.117816E+00
   0.796994E+02  -0.127379E+00   0.227958E+00  -0.988239E-01   0.775241E-01
   0.797994E+02  -0.148694E+00   0.201124E+00  -0.138883E+00   0.332719E-01
   0.798994E+02  -0.168624E+00   0.172587E+00  -0.176274E+00  -0.144003E-01
   0.799994E+02  -0.187383E+00   0.142800E+00  -0.210495E+00  -0.647109E-01
   0.800993E+02  -0.205193E+00   0.111953E+00  -0.241242E+00  -0.116619E+00
   0.801993E+02  -0.222270E+00   0.804759E-01  -0.268134E+00  -0.168827E+00
   0.802993E+02  -0.238813E+00   0.489015E-01  -0.291000E+00  -0.219398E+00
   0.803993E+02  -0.254943E+00   0.178975E-01  -0.309891E+00  -0.266893E+00
   0.804993E+02  -0.270620E+00  -0.119826E-01  -0.324973E+00  -0.310085E+00
   0.805993E+02  -0.285730E+00  -0.402516E-01  -0.336546E+00  -0.347978E+00
   0.806993E+02  -0.300094E+00  -0.664405E-01  -0.344996E+00  -0.379831E+00
   0.807993E+02  -0.313556E+00  -0.901076E-01  -0.350710E+00  -0.404587E+00
   0.808993E+02  -0.325953E+00  -0.110798E+00  -0.353998E+00  -0.421592E+00
   0.809993E+02  -0.337139E+00  -0.128117E+00  -0.355287E+00  -0.431852E+00
   0.810993E+02  -0.347005E+00  -0.141731E+00  -0.355053E+00  -0.435736E+00
   0.811993E+02  -0.355470E+00  -0.151306E+00  -0.353547E+00  -0.433617E+00
   0.812993E+02  -0.362448E+00  -0.156629E+00  -0.351034E+00  -0.425864E+00
   0.813993E+02  -0.367902E+00  -0.158026E+00  -0.347733E+00  -0.413696E+00
   0.814993E+02  -0.371566E+00  -0.155942E+00  -0.343710E+00  -0.398247E+00
   0.815993E+02  -0.373665E+00  -0.150376E+00  -0.338647E+00  -0.378776E+00
   0.816993E+02  -0.374165E+00  -0.140991E+00  -0.332357E+00  -0.355414E+00
   0.817993E+02  -0.373006E+00  -0.127762E+00  -0.324632E+00  -0.328441E+00
   0.818993E+02  -0.370519E+00  -0.110989E+00  -0.315250E+00  -0.298212E+00
   0.819993E+02  -0.366279E+00  -0.910408E-01  -0.303991E+00  -0.265086E+00
   0.820993E+02  -0.359947E+00  -0.685168E-01  -0.290511E+00  -0.229221E+00
   0.821993E+02  -0.351312E+00  -0.439781E-01  -0.274336E+00  -0.190749E+00
   0.822993E+02  -0.340120E+00  -0.180733E-01  -0.255207E+00  -0.149932E+00
   0.823993E+02  -0.326307E+00   0.866050E-02  -0.232853E+00  -0.107334E+00
   0.824993E+02  -0.309943E+00   0.355280E-01  -0.207124E+00  -0.635571E-01
   0.825993E+02  -0.291057E+00   0.618697E-01  -0.177706E+00  -0.191772E-01
   0.826993E+02  -0.269780E+00   0.871539E-01  -0.144377E+00   0.250521E-01
   0.827993E+02  -0.246351E+00   0.111058E+00  -0.107161E+00   0.683728E-01
   0.828993E+02  -0.220931E+00   0.133449E+00  -0.657256E-01   0.110101E+00
   0.829993E+02  -0.193529E+00   0.154367E+00  -0.203958E-01   0.149502E+00
   0.830993E+02  -0.164572E+00   0.173958E+00   0.281412E-01   0.186055E+00
   0.831993E+02  -0.134479E+00   0.192440E+00   0.790127E-01   0.219368E+00
   0.832993E+02  -0.103423E+00   0.210036E+00   0.131149E+00   0.249081E+00
   0.833993E+02  -0.718583E-01   0.226958E+00   0.183043E+00   0.274875E+00
   0.834993E+02  -0.403723E-01   0.243385E+00   0.232898E+00   0.296638E+00
   0.835993E+02  -0.959469E-02   0.259396E+00   0.279310E+00   0.314481E+00
   0.836993E+02   0.199325E-01   0.274929E+00   0.321146E+00   0.328536E+00
   0.837993E+02   0.477000E-01   0.289853E+00   0.357444E+00   0.339207E+00
   0.838993E+02   0.732623E-01   0.303993E+00   0.387518E+00   0.346853E+00
   0.839993E+02   0.961747E-01   0.317187E+00   0.410086E+00   0.351880E+00
   0.840993E+02   0.115976E+00   0.329281E+00   0.425191E+00   0.354543E+00
   0.841993E+02   0.132311E+00   0.340111E+00   0.433650E+00   0.355358E+00
   0.842993E+02   0.144878E+00   0.349601E+00   0.435804E+00   0.354737E+00
   0.843993E+02   0.153204E+00   0.357660E+00   0.432048E+00   0.352951E+00
   0.844993E+02   0.157449E+00   0.364231E+00   0.422827E+00   0.350196E+00
   0.845993E+02   0.157811E+00   0.369200E+00   0.409723E+00   0.346755E+00
   0.846993E+02   0.154921E+00   0.372430E+00   0.393117E+00   0.342463E+00
   0.847993E+02   0.148276E+00   0.374070E+00   0.372547E+00   0.337079E+00
   0.848993E+02   0.137813E+00   0.374121E+00   0.348166E+00   0.330387E+00
   0.849993E+02   0.123508E+00   0.372584E+00   0.320265E+00   0.322210E+00
   0.850993E+02   0.105749E+00   0.369708E+00   0.289200E+00   0.312314E+00
   0.851993E+02   0.850497E-01   0.364881E+00   0.255317E+00   0.300436E+00
   0.852993E+02   0.619118E-01   0.357918E+00   0.218670E+00   0.286259E+00
   0.853993E+02   0.369277E-01   0.348600E+00   0.179457E+00   0.269287E+00
   0.854993E+02   0.107247E-01   0.336674E+00   0.138150E+00   0.249296E+00
   0.855993E+02  -0.161298E-01   0.322148E+00   0.952618E-01   0.225976E+00
   0.856993E+02  -0.429366E-01   0.305080E+00   0.512813E-01   0.199259E+00
   0.857993E+02  -0.690430E-01   0.285500E+00   0.682301E-02   0.168768E+00
   0.858993E+02  -0.939783E-01   0.263601E+00  -0.372464E-01   0.134350E+00
   0.859993E+02  -0.117476E+00   0.239602E+00  -0.802069E-01   0.959376E-01
   0.860993E+02  -0.139464E+00   0.213651E+00  -0.121367E+00   0.533749E-01
   0.861993E+02  -0.159993E+00   0.185778E+00  -0.160035E+00   0.709440E-02
   0.862993E+02  -0.179249E+00   0.156398E+00  -0.195698E+00  -0.423704E-01
   0.863993E+02  -0.197466E+00   0.125992E+00  -0.228084E+00  -0.936478E-01
   0.864993E+02  -0.214862E+00   0.947437E-01  -0.256734E+00  -0.145864E+00
   0.865993E+02  -0.231626E+00   0.631171E-01  -0.281407E+00  -0.197298E+00
   0.866992E+02  -0.247956E+00   0.317668E-01  -0.302034E+00  -0.246312E+00
   0.867992E+02  -0.263838E+00   0.126107E-02  -0.318774E+00  -0.291547E+00
   0.868992E+02  -0.279222E+00  -0.278437E-01  -0.331859E+00  -0.331897E+00
   0.869992E+02  -0.293946E+00  -0.550613E-01  -0.341642E+00  -0.366505E+00
   0.870992E+02  -0.307840E+00  -0.799440E-01  -0.348507E+00  -0.394706E+00
   0.871992E+02  -0.320745E+00  -0.102045E+00  -0.352871E+00  -0.415042E+00
   0.872992E+02  -0.332499E+00  -0.120918E+00  -0.354956E+00  -0.428219E+00
   0.873992E+02  -0.342966E+00  -0.136232E+00  -0.355324E+00  -0.434858E+00
   0.874992E+02  -0.352072E+00  -0.147716E+00  -0.354348E+00  -0.435320E+00
   0.875992E+02  -0.359716E+00  -0.154840E+00  -0.352264E+00  -0.429971E+00
   0.876992E+02  -0.365884E+00  -0.157968E+00  -0.349240E+00  -0.419340E+00
   0.877992E+02  -0.370354E+00  -0.157282E+00  -0.345633E+00  -0.405338E+00
   0.878992E+02  -0.373142E+00  -0.153438E+00  -0.341058E+00  -0.387619E+00
   0.879992E+02  -0.374343E+00  -0.145750E+00  -0.335319E+00  -0.365965E+00
   0.880992E+02  -0.373923E+00  -0.134211E+00  -0.328237E+00  -0.340573E+00
   0.881992E+02  -0.372020E+00  -0.118895E+00  -0.319609E+00  -0.311783E+00
   0.882992E+02  -0.368616E+00  -0.100244E+00  -0.309192E+00  -0.279955E+00
   0.883992E+02  -0.363222E+00  -0.788184E-01  -0.296730E+00  -0.245324E+00
   0.884992E+02  -0.355628E+00  -0.550774E-01  -0.281767E+00  -0.207929E+00
   0.885992E+02  -0.345589E+00  -0.296973E-01  -0.263978E+00  -0.168070E+00
   0.886992E+02  -0.332922E+00  -0.325025E-02  -0.243083E+00  -0.126235E+00
   0.887992E+02  -0.317687E+00   0.236701E-01  -0.218855E+00  -0.829613E-01
   0.888992E+02  -0.299915E+00   0.503595E-01  -0.191103E+00  -0.388092E-01
   0.889992E+02  -0.279678E+00   0.761656E-01  -0.159513E+00   0.558526E-02
   0.899897E+02  -0.246902E-01   0.265332E+00   0.232126E+00   0.318894E+00
   0.909802E+02   0.126890E+00   0.364063E+00   0.403178E+00   0.375719E+00
   0.919707E+02   0.719561E-01   0.354459E+00   0.275975E+00   0.250276E+00
   0.929613E+02  -0.894270E-01   0.216684E+00  -0.294117E-01   0.514165E-02
   0.939518E+02  -0.234751E+00   0.186221E-01  -0.280146E+00  -0.219527E+00
   0.949423E+02  -0.316590E+00  -0.886611E-01  -0.341030E+00  -0.271011E+00
   0.959328E+02  -0.301324E+00  -0.388860E-01  -0.227881E+00  -0.135826E+00
   0.969233E+02  -0.172811E+00   0.944335E-01   0.457467E-03   0.766827E-01
   0.979138E+02   0.215259E-03   0.219722E+00   0.193291E+00   0.227471E+00
   0.989043E+02   0.881719E-01   0.288891E+00   0.223007E+00   0.260298E+00
   0.998948E+02   0.382705E-01   0.268417E+00   0.959152E-01   0.180264E+00
   0.100885E+03  -0.864523E-01   0.144979E+00  -0.847089E-01   0.835059E-02
   0.101876E+03  -0.203393E+00  -0.128990E-01  -0.209126E+00  -0.150981E+00
   0.102866E+03  -0.267547E+00  -0.904613E-01  -0.236217E+00  -0.180449E+00
   0.103857E+03  -0.248092E+00  -0.419585E-01  -0.164094E+00  -0.764597E-01
   0.104847E+03  -0.132740E+00   0.772514E-01  -0.481399E-02   0.778591E-01
   0.890992E+02  -0.257164E+00   0.100724E+00  -0.124000E+00   0.493871E-01
   0.891992E+02  -0.232588E+00   0.123812E+00  -0.843939E-01   0.919024E-01
   0.892992E+02  -0.206088E+00   0.145396E+00  -0.407446E-01   0.132445E+00
   0.893992E+02  -0.177770E+00   0.165542E+00   0.646430E-02   0.170280E+00
   0.894992E+02  -0.148092E+00   0.184483E+00   0.564161E-01   0.205042E+00
   0.895992E+02  -0.117372E+00   0.202443E+00   0.108128E+00   0.236414E+00
   0.896992E+02  -0.859384E-01   0.219642E+00   0.160441E+00   0.263978E+00
   0.897992E+02  -0.542946E-01   0.236280E+00   0.211387E+00   0.287529E+00
   0.898992E+02  -0.231285E-01   0.252494E+00   0.259493E+00   0.307063E+00
   0.899992E+02   0.703986E-02   0.268274E+00   0.303448E+00   0.322767E+00
   0.900992E+02   0.356667E-01   0.283486E+00   0.342255E+00   0.334901E+00
   0.901992E+02   0.622794E-01   0.298003E+00   0.375128E+00   0.343843E+00
   0.902992E+02   0.864404E-01   0.311628E+00   0.401153E+00   0.349977E+00
   0.903992E+02   0.107688E+00   0.324223E+00   0.419257E+00   0.353660E+00
   0.904992E+02   0.125613E+00   0.335625E+00   0.430573E+00   0.355220E+00
   0.905992E+02   0.139878E+00   0.345716E+00   0.435458E+00   0.355200E+00
   0.906992E+02   0.150213E+00   0.354431E+00   0.434348E+00   0.353877E+00
   0.907992E+02   0.156197E+00   0.361664E+00   0.427456E+00   0.351505E+00
   0.908992E+02   0.158209E+00   0.367403E+00   0.415836E+00   0.348263E+00
   0.909992E+02   0.156597E+00   0.371353E+00   0.401008E+00   0.344385E+00
   0.910982E+02   0.151735E+00   0.373682E+00   0.382387E+00   0.339549E+00
   0.911973E+02   0.143120E+00   0.374450E+00   0.359896E+00   0.333537E+00
   0.912963E+02   0.130755E+00   0.373615E+00   0.333817E+00   0.326166E+00
   0.913954E+02   0.114695E+00   0.371404E+00   0.304480E+00   0.317194E+00
   0.914944E+02   0.955100E-01   0.367589E+00   0.272232E+00   0.306469E+00
   0.915935E+02   0.737243E-01   0.361771E+00   0.237292E+00   0.293615E+00
   0.916926E+02   0.497547E-01   0.353748E+00   0.199658E+00   0.278194E+00
   0.917916E+02   0.243209E-01   0.343258E+00   0.159693E+00   0.259958E+00
   0.918907E+02  -0.202860E-02   0.330188E+00   0.117897E+00   0.238615E+00
   0.919897E+02  -0.287174E-01   0.314609E+00   0.747960E-01   0.213979E+00
   0.920888E+02  -0.550097E-01   0.296552E+00   0.309430E-01   0.185807E+00
   0.921878E+02  -0.804255E-01   0.276087E+00  -0.129967E-01   0.153839E+00
   0.922869E+02  -0.104527E+00   0.253435E+00  -0.562462E-01   0.118028E+00
   0.923859E+02  -0.127150E+00   0.228787E+00  -0.981177E-01   0.781436E-01
   0.924850E+02  -0.148308E+00   0.202233E+00  -0.137862E+00   0.343746E-01
   0.925840E+02  -0.168097E+00   0.173984E+00  -0.175013E+00  -0.127695E-01
   0.820993E+02  -0.359947E+00  -0.685168E-01  -0.290511E+00  -0.229221E+00
   0.821993E+02  -0.351312E+00  -0.439781E-01  -0.274336E+00  -0.190749E+00
   0.822993E+02  -0.340120E+00  -0.180733E-01  -0.255207E+00  -0.149932E+00
   0.823993E+02  -0.326307E+00   0.866050E-02  -0.232853E+00  -0.107334E+00
   0.824993E+02  -0.309943E+00   0.355280E-01  -0.207124E+00  -0.635571E-01
   0.825993E+02  -0.291057E+00   0.618697E-01  -0.177706E+00  -0.191772E-01
   0.826993E+02  -0.269780E+00   0.871539E-01  -0.144377E+00   0.250521E-01
   0.827993E+02  -0.246351E+00   0.111058E+00  -0.107161E+00   0.683728E-01
   0.828993E+02  -0.220931E+00   0.133449E+00  -0.657256E-01   0.110101E+00
   0.829993E+02  -0.193529E+00   0.154367E+00  -0.203958E-01   0.149502E+00
   0.830993E+02  -0.164572E+00   0.173958E+00   0.281412E-01   0.186055E+00
   0.831993E+02  -0.134479E+00   0.192440E+00   0.790127E-01   0.219368E+00
   0.832993E+02  -0.103423E+00   0.210036E+00   0.131149E+00   0.249081E+00
   0.833993E+02  -0.718583E-01   0.226958E+00   0.183043E+00   0.274875E+00
   0.834993E+02  -0.403723E-01   0.243385E+00   0.232898E+00   0.296638E+00
   0.835993E+02  -0.959469E-02   0.259396E+00   0.279310E+00   0.314481E+00
   0.836993E+02   0.199325E-01   0.274929E+00   0.321146E+00   0.328536E+00
   0.837993E+02   0.477000E-01   0.289853E+00   0.357444E+00   0.339207E+00
   0.838993E+02   0.732623E-01   0.303993E+00   0.387518E+00   0.346853E+00
   0.839993E+02   0.961747E-01   0.317187E+00   0.410086E+00   0.351880E+00
   0.840993E+02   0.115976E+00   0.329281E+00   0.425191E+00   0.354543E+00
   0.841993E+02   0.132311E+00   0.340111E+00   0.433650E+00   0.355358E+00
   0.842993E+02   0.144878E+00   0.349601E+00   0.435804E+00   0.354737E+00
   0.843993E+02   0.153204E+00   0.357660E+00   0.432048E+00   0.352951E+00
   0.844993E+02   0.157449E+00   0.364231E+00   0.422827E+00   0.350196E+00
   0.845993E+02   0.157811E+00   0.369200E+00   0.409723E+00   0.346755E+00
   0.846993E+02   0.154921E+00   0.372430E+00   0.393117E+00   0.342463E+00
   0.847993E+02   0.148276E+00   0.374070E+00   0.372547E+00   0.337079E+00
   0.848993E+02   0.137813E+00   0.374121E+00   0.348166E+00   0.330387E+00
   0.849993E+02   0.123508E+00   0.372584E+00   0.320265E+00   0.322210E+00
   0.850993E+02   0.105749E+00   0.369708E+00   0.289200E+00   0.312314E+00
   0.851993E+02   0.850497E-01   0.364881E+00   0.255317E+00   0.300436E+00
   0.852993E+02   0.619118E-01   0.357918E+00   0.218670E+00   0.286259E+00
   0.853993E+02   0.369277E-01   0.348600E+00   0.179457E+00   0.269287E+00
   0.854993E+02   0.107247E-01   0.336674E+00   0.138150E+00   0.249296E+00
   0.855993E+02  -0.161298E-01   0.322148E+00   0.952618E-01   0.225976E+00
   0.856993E+02  -0.429366E-01   0.305080E+00   0.512813E-01   0.199259E+00
   0.857993E+02  -0.690430E-01   0.285500E+00   0.682301E-02   0.168768E+00
   0.858993E+02  -0.939783E-01   0.263601E+00  -0.372464E-01   0.134350E+00
   0.859993E+02  -0.117476E+00   0.239602E+00  -0.802069E-01   0.959376E-01
   0.860993E+02  -0.139464E+00   0.213651E+00  -0.121367E+00   0.533749E-01
   0.861993E+02  -0.159993E+00   0.185778E+00  -0.160035E+00   0.709440E-02
   0.862993E+02  -0.179249E+00   0.156398E+00  -0.195698E+00  -0.423704E-01
   0.863993E+02  -0.197466E+00   0.125992E+00  -0.228084E+00  -0.936478E-01
   0.864993E+02  -0.214862E+00   0.947437E-01  -0.256734E+00  -0.145864E+00
   0.865993E+02  -0.231626E+00   0.631171E-01  -0.281407E+00  -0.197298E+00
   0.866992E+02  -0.247956E+00   0.317668E-01  -0.302034E+00  -0.246312E+00
   0.867992E+02  -0.263838E+00   0.126107E-02  -0.318774E+00  -0.291547E+00
   0.868992E+02  -0.279222E+00  -0.278437E-01  -0.331859E+00  -0.331897E+00
   0.869992E+02  -0.293946E+00  -0.550613E-01  -0.341642E+00  -0.366505E+00
   0.870992E+02  -0.307840E+00  -0.799440E-01  -0.348507E+00  -0.394706E+00
   0.871992E+02  -0.320745E+00  -0.102045E+00  -0.352871E+00  -0.415042E+00
   0.872992E+02  -0.332499E+00  -0.120918E+00  -0.354956E+00  -0.428219E+00
   0.873992E+02  -0.342966E+00  -0.136232E+00  -0.355324E+00  -0.434858E+00
   0.874992E+02  -0.352072E+00  -0.147716E+00  -0.354348E+00  -0.435320E+00
   0.875992E+02  -0.359716E+00  -0.154840E+00  -0.352264E+00  -0.429971E+00
   0.876992E+02  -0.365884E+00  -0.157968E+00  -0.349240E+00  -0.419340E+00
   0.877992E+02  -0.370354E+00  -0.157282E+00  -0.345633E+00  -0.405338E+00
   0.878992E+02  -0.373142E+00  -0.153438E+00  -0.341058E+00  -0.387619E+00
   0.879992E+02  -0.374343E+00  -0.145750E+00  -0.335319E+00  -0.365965E+00
   0.880992E+02  -0.373923E+00  -0.134211E+00  -0.328237E+00  -0.340573E+00
   0.881992E+02  -0.372020E+00  -0.118895E+00  -0.319609E+00  -0.311783E+00
   0.882992E+02  -0.368616E+00  -0.100244E+00  -0.309192E+00  -0.279955E+00
   0.883992E+02  -0.363222E+00  -0.788184E-01  -0.296730E+00  -0.245324E+00
   0.884992E+02  -0.355628E+00  -0.550774E-01  -0.281767E+00  -0.207929E+00
   0.885992E+02  -0.345589E+00  -0.296973E-01  -0.263978E+00  -0.168070E+00
   0.886992E+02  -0.332922E+00  -0.325025E-02  -0.243083E+00  -0.126235E+00
   0.887992E+02  -0.317687E+00   0.236701E-01  -0.218855E+00  -0.829613E-01
   0.888992E+02  -0.299915E+00   0.503595E-01  -0.191103E+00  -0.388092E-01
   0.889992E+02  -0.279678E+00   0.761656E-01  -0.159513E+00   0.558526E-02
   0.890992E+02  -0.257164E+00   0.100724E+00  -0.124000E+00   0.493871E-01
   0.891992E+02  -0.232588E+00   0.123812E+00  -0.843939E-01   0.919024E-01
   0.892992E+02  -0.206088E+00   0.145396E+00  -0.407446E-01   0.132445E+00
   0.893992E+02  -0.177770E+00   0.165542E+00   0.646430E-02   0.170280E+00
   0.894992E+02  -0.148092E+00   0.184483E+00   0.564161E-01   0.205042E+00
   0.895992E+02  -0.117372E+00   0.202443E+00   0.108128E+00   0.236414E+00
   0.896992E+02  -0.859384E-01   0.219642E+00   0.160441E+00   0.263978E+00
   0.897992E+02  -0.542946E-01   0.236280E+00   0.211387E+00   0.287529E+00
   0.898992E+02  -0.231285E-01   0.252494E+00   0.259493E+00   0.307063E+00
   0.899992E+02   0.703986E-02   0.268274E+00   0.303448E+00   0.322767E+00
   0.900992E+02   0.356667E-01   0.283486E+00   0.342255E+00   0.334901E+00
   0.901992E+02   0.622794E-01   0.298003E+00   0.375128E+00   0.343843E+00
   0.902992E+02   0.864404E-01   0.311628E+00   0.401153E+00   0.349977E+00
   0.903992E+02   0.107688E+00   0.324223E+00   0.419257E+00   0.353660E+00
   0.904992E+02   0.125613E+00   0.335625E+00   0.430573E+00   0.355220E+00
   0.905992E+02   0.139878E+00   0.345716E+00   0.435458E+00   0.355200E+00
   0.906992E+02   0.150213E+00   0.354431E+00   0.434348E+00   0.353877E+00
   0.907992E+02   0.156197E+00   0.361664E+00   0.427456E+00   0.351505E+00
   0.908992E+02   0.158209E+00   0.367403E+00   0.415836E+00   0.348263E+00
   0.909992E+02   0.156597E+00   0.371353E+00   0.401008E+00   0.344385E+00
   0.910992E+02   0.151668E+00   0.373696E+00   0.382187E+00   0.339497E+00
   0.911992E+02   0.142916E+00   0.374450E+00   0.359431E+00   0.333408E+00
   0.912992E+02   0.130333E+00   0.373566E+00   0.333020E+00   0.325929E+00
   0.913992E+02   0.114013E+00   0.371289E+00   0.303297E+00   0.316804E+00
   0.914992E+02   0.945262E-01   0.367356E+00   0.270623E+00   0.305897E+00
   0.915992E+02   0.723941E-01   0.361372E+00   0.235210E+00   0.292798E+00
   0.916992E+02   0.480972E-01   0.353126E+00   0.197064E+00   0.277040E+00
   0.917992E+02   0.223433E-01   0.342349E+00   0.156566E+00   0.258419E+00
   0.918992E+02  -0.425838E-02   0.328949E+00   0.114244E+00   0.236604E+00
   0.919992E+02  -0.311822E-01   0.312994E+00   0.706412E-01   0.211426E+00
   0.920982E+02  -0.574770E-01   0.294697E+00   0.267475E-01   0.182907E+00
   0.921973E+02  -0.827778E-01   0.274016E+00  -0.171545E-01   0.150570E+00
   0.922963E+02  -0.106741E+00   0.251173E+00  -0.603019E-01   0.114399E+00
   0.923954E+02  -0.129223E+00   0.226342E+00  -0.102009E+00   0.741293E-01
   0.924944E+02  -0.150243E+00   0.199589E+00  -0.141555E+00   0.299732E-01
   0.925935E+02  -0.169914E+00   0.171198E+00  -0.178411E+00  -0.174945E-01
   0.926925E+02  -0.188448E+00   0.141602E+00  -0.212139E+00  -0.674612E-01
   0.927916E+02  -0.206063E+00   0.110976E+00  -0.242440E+00  -0.118930E+00
   0.928906E+02  -0.222969E+00   0.797414E-01  -0.268948E+00  -0.170619E+00
   0.929897E+02  -0.239357E+00   0.484213E-01  -0.291500E+00  -0.220650E+00
   0.930887E+02  -0.255339E+00   0.176737E-01  -0.310148E+00  -0.267627E+00
   0.931878E+02  -0.270884E+00  -0.119746E-01  -0.325058E+00  -0.310363E+00
   0.932868E+02  -0.285869E+00  -0.400366E-01  -0.336522E+00  -0.347890E+00
   0.933859E+02  -0.300121E+00  -0.660566E-01  -0.344918E+00  -0.379489E+00
   0.934850E+02  -0.313485E+00  -0.896055E-01  -0.350620E+00  -0.404141E+00
   0.935840E+02  -0.325811E+00  -0.110238E+00  -0.353936E+00  -0.421151E+00
   0.936831E+02  -0.336952E+00  -0.127571E+00  -0.355272E+00  -0.431534E+00
   0.937821E+02  -0.346798E+00  -0.141267E+00  -0.355100E+00  -0.435643E+00
   0.938812E+02  -0.355273E+00  -0.151031E+00  -0.353665E+00  -0.433863E+00
   0.939802E+02  -0.362290E+00  -0.156579E+00  -0.351226E+00  -0.426514E+00
   0.940793E+02  -0.367828E+00  -0.158239E+00  -0.347985E+00  -0.414693E+00
   0.941783E+02  -0.371606E+00  -0.156412E+00  -0.344074E+00  -0.399734E+00
   0.942774E+02  -0.373825E+00  -0.151253E+00  -0.339164E+00  -0.380812E+00
   0.943764E+02  -0.374483E+00  -0.142343E+00  -0.333064E+00  -0.358044E+00
   0.944755E+02  -0.373522E+00  -0.129661E+00  -0.325583E+00  -0.331699E+00
   0.945745E+02  -0.371209E+00  -0.113355E+00  -0.316488E+00  -0.302116E+00
   0.946736E+02  -0.367256E+00  -0.939529E-01  -0.305611E+00  -0.269660E+00
   0.947726E+02  -0.361283E+00  -0.719638E-01  -0.292587E+00  -0.234520E+00
   0.948717E+02  -0.353085E+00  -0.478669E-01  -0.276948E+00  -0.196704E+00
   0.949707E+02  -0.342400E+00  -0.223428E-01  -0.258487E+00  -0.156579E+00
   0.950698E+02  -0.329138E+00   0.401736E-02  -0.236894E+00  -0.114660E+00
   0.951688E+02  -0.313366E+00   0.307023E-01  -0.212000E+00  -0.714789E-01
   0.952679E+02  -0.295116E+00   0.569988E-01  -0.183546E+00  -0.275911E-01
   0.953670E+02  -0.274475E+00   0.823243E-01  -0.151275E+00   0.163192E-01
   0.954660E+02  -0.251667E+00   0.106315E+00  -0.115166E+00   0.594868E-01
   0.955651E+02  -0.226869E+00   0.128826E+00  -0.749604E-01   0.101225E+00
   0.956641E+02  -0.200154E+00   0.149873E+00  -0.308628E-01   0.140814E+00
   0.957632E+02  -0.171788E+00   0.169568E+00   0.165599E-01   0.177724E+00
   0.958622E+02  -0.142209E+00   0.188120E+00   0.665038E-01   0.211510E+00
   0.959613E+02  -0.111594E+00   0.205751E+00   0.117970E+00   0.241877E+00
   0.960603E+02  -0.803614E-01   0.222668E+00   0.169691E+00   0.268455E+00
   0.961594E+02  -0.490307E-01   0.239065E+00   0.219777E+00   0.291078E+00
   0.962584E+02  -0.182620E-01   0.255059E+00   0.266832E+00   0.309797E+00
   0.963575E+02   0.114155E-01   0.270614E+00   0.309663E+00   0.324773E+00
   0.964565E+02   0.395175E-01   0.285612E+00   0.347295E+00   0.336298E+00
   0.965556E+02   0.655851E-01   0.299881E+00   0.379009E+00   0.344748E+00
   0.966546E+02   0.891897E-01   0.313262E+00   0.403801E+00   0.350498E+00
   0.967537E+02   0.109885E+00   0.325611E+00   0.420929E+00   0.353861E+00
